government: <entities.government.Government object at 0x7f8a5730cf98>
households: <entities.household.Household object at 0x7f8a5730cd30>
screen: None
alpha: 0.3333333333333333
depreciation_rate: 0.06
interest_rate: 0.04
hours_max: 283720
episode_years: 100
year_per_step: 1
consumption_tax_rate: 0.065
gini_weight: 1
episode_length: 300
step_cnt: 10
xi_max: 0.1
Kt_next: 566675122.1845759
Bt_next: -557435214.7460452
done: False
Kt: 535779758.1268546
workingHours: [[0.5123673 ]
 [0.63028944]
 [0.5359396 ]
 [0.5924125 ]
 [0.5924125 ]
 [0.5359396 ]
 [0.6441835 ]
 [0.5924125 ]
 [0.63028944]
 [0.5924125 ]
 [0.5924125 ]
 [0.63028944]
 [0.5359396 ]
 [0.5924125 ]
 [0.5924125 ]
 [0.5924125 ]
 [0.5924125 ]
 [0.5924125 ]
 [0.5359396 ]
 [0.5924125 ]
 [0.63028944]
 [0.63028944]
 [0.5924125 ]
 [0.63028944]
 [0.5359396 ]
 [0.5924125 ]
 [0.5600673 ]
 [0.5359396 ]
 [0.5924125 ]
 [0.63028944]
 [0.5924125 ]
 [0.5359396 ]
 [0.5924125 ]
 [0.5359396 ]
 [0.5924125 ]
 [0.5924125 ]
 [0.6692559 ]
 [0.54286367]
 [0.6005327 ]
 [0.6005327 ]
 [0.6384827 ]
 [0.6384827 ]
 [0.6005327 ]
 [0.6005327 ]
 [0.6005327 ]
 [0.56594265]
 [0.6005327 ]
 [0.6005327 ]
 [0.6005327 ]
 [0.6005327 ]
 [0.6005327 ]
 [0.6005327 ]
 [0.6005327 ]
 [0.6005327 ]
 [0.6005327 ]
 [0.56594265]
 [0.6005327 ]
 [0.6005327 ]
 [0.6384827 ]
 [0.6005327 ]
 [0.54286367]
 [0.6005327 ]
 [0.6384827 ]
 [0.54286367]
 [0.6005327 ]
 [0.54286367]
 [0.6384827 ]
 [0.6384827 ]
 [0.54286367]
 [0.54286367]
 [0.54286367]
 [0.6005327 ]
 [0.6692559 ]
 [0.6384827 ]
 [0.6005327 ]
 [0.6005327 ]
 [0.6005327 ]
 [0.6005327 ]
 [0.6384827 ]
 [0.6384827 ]
 [0.6005327 ]
 [0.6005327 ]
 [0.54286367]
 [0.6384827 ]
 [0.54286367]
 [0.6384827 ]
 [0.56597984]
 [0.54286367]
 [0.56594265]
 [0.6005327 ]
 [0.54286367]
 [0.54286367]
 [0.54286367]
 [0.54286367]
 [0.54286367]
 [0.6005327 ]
 [0.6005327 ]
 [0.54286367]
 [0.5431694 ]
 [0.56594265]]
ht: [[145368.85266542]
 [178825.7186079 ]
 [152056.77600384]
 [168079.26649094]
 [168079.26649094]
 [152056.77600384]
 [182767.74730206]
 [168079.26649094]
 [178825.7186079 ]
 [168079.26649094]
 [168079.26649094]
 [178825.7186079 ]
 [152056.77600384]
 [168079.26649094]
 [168079.26649094]
 [168079.26649094]
 [168079.26649094]
 [168079.26649094]
 [152056.77600384]
 [168079.26649094]
 [178825.7186079 ]
 [178825.7186079 ]
 [168079.26649094]
 [178825.7186079 ]
 [152056.77600384]
 [168079.26649094]
 [158902.2932291 ]
 [152056.77600384]
 [168079.26649094]
 [178825.7186079 ]
 [168079.26649094]
 [152056.77600384]
 [168079.26649094]
 [152056.77600384]
 [168079.26649094]
 [168079.26649094]
 [189881.28743887]
 [154021.27960443]
 [170383.14063787]
 [170383.14063787]
 [181150.30876637]
 [181150.30876637]
 [170383.14063787]
 [170383.14063787]
 [170383.14063787]
 [160569.24726009]
 [170383.14063787]
 [170383.14063787]
 [170383.14063787]
 [170383.14063787]
 [170383.14063787]
 [170383.14063787]
 [170383.14063787]
 [170383.14063787]
 [170383.14063787]
 [160569.24726009]
 [170383.14063787]
 [170383.14063787]
 [181150.30876637]
 [170383.14063787]
 [154021.27960443]
 [170383.14063787]
 [181150.30876637]
 [154021.27960443]
 [170383.14063787]
 [154021.27960443]
 [181150.30876637]
 [181150.30876637]
 [154021.27960443]
 [154021.27960443]
 [154021.27960443]
 [170383.14063787]
 [189881.28743887]
 [181150.30876637]
 [170383.14063787]
 [170383.14063787]
 [170383.14063787]
 [170383.14063787]
 [181150.30876637]
 [181150.30876637]
 [170383.14063787]
 [170383.14063787]
 [154021.27960443]
 [181150.30876637]
 [154021.27960443]
 [181150.30876637]
 [160579.7997427 ]
 [154021.27960443]
 [160569.24726009]
 [170383.14063787]
 [154021.27960443]
 [154021.27960443]
 [154021.27960443]
 [154021.27960443]
 [154021.27960443]
 [170383.14063787]
 [170383.14063787]
 [154021.27960443]
 [154108.01627636]
 [160569.24726009]]
Lt: 20992239.12285329
WageRate: 1.9628385849364194
per_household_gdp: 618065.6540182249
GDP: 61806565.40182249
income: [[ 206879.36755439]
 [ 867242.49082762]
 [ 119015.54986541]
 [ 270757.65592064]
 [ 350838.64419195]
 [ 180878.45092446]
 [ 820135.44074056]
 [ 424057.62344092]
 [ 756640.08004449]
 [ 377119.90421709]
 [ 294844.64948442]
 [ 586196.04927677]
 [ 195484.11618552]
 [ 315049.89452654]
 [ 253868.56617908]
 [ 390537.13542434]
 [ 402553.65597352]
 [ 385989.68343154]
 [ 220525.72425227]
 [ 372682.1696042 ]
 [ 637794.49549064]
 [ 869452.64934287]
 [ 291627.25075043]
 [ 838001.40924169]
 [ 257242.88980464]
 [ 295569.32706305]
 [ 254416.83878596]
 [ 102984.89372974]
 [ 502452.51333445]
 [ 750662.42648579]
 [ 397646.33567221]
 [ 211297.99762926]
 [ 266739.85781484]
 [ 197826.17352436]
 [ 581104.77875097]
 [ 430118.86559249]
 [1202411.4113498 ]
 [ 106961.92794728]
 [ 659138.82079466]
 [ 303513.94957166]
 [ 867305.48120803]
 [ 934240.37882076]
 [ 376638.76125447]
 [ 325702.06732292]
 [ 366188.53497189]
 [ 241455.55405246]
 [ 360129.99729988]
 [ 319720.01370367]
 [ 445323.70237756]
 [ 634715.25282699]
 [ 580734.16120615]
 [ 599050.79038774]
 [ 571248.04408813]
 [ 261151.73393755]
 [ 314072.17393876]
 [ 245251.75682147]
 [ 452217.47920752]
 [ 362137.17995392]
 [ 674020.52278914]
 [ 651428.66698367]
 [  85982.69445549]
 [ 436176.41403603]
 [ 634925.4170697 ]
 [ 151306.63419428]
 [ 369471.86624841]
 [ 128601.13156837]
 [ 683540.87191785]
 [ 442531.49026374]
 [ 148926.856667  ]
 [ 154814.50600042]
 [ 168322.0696425 ]
 [ 420547.71111833]
 [1374890.32574247]
 [ 671068.44835783]
 [ 382398.84277375]
 [ 305242.94550282]
 [ 366609.30602674]
 [ 550010.67690964]
 [1284805.64815254]
 [ 985390.99265482]
 [ 342889.79664902]
 [ 287384.17603673]
 [ 100769.64418789]
 [ 487331.33773077]
 [ 100282.64887306]
 [ 551053.00225465]
 [ 240047.16292424]
 [  96236.16886398]
 [ 252901.98503249]
 [ 308950.65251872]
 [  81407.29099773]
 [ 244988.12913112]
 [ 122516.79450981]
 [ 256952.63620243]
 [ 176770.02745402]
 [ 555493.4917875 ]
 [ 238670.11293459]
 [ 249688.25243435]
 [ 219846.81321585]
 [ 368570.49967764]]
display_mode: False
olg_GDP: 31439062.637654163
old_per_gdp: 593268.9657301144
valid_action_dict: {'government': array([ 0.2333539 , -0.02059854, -0.07610928, -0.07415128, -0.04928783,
       -0.2815574 ], dtype=float32), 'Household': array([[0.10407524, 0.0247346 ],
       [0.16181757, 0.26057887],
       [0.15499882, 0.07187921],
       [0.14939514, 0.18482493],
       [0.14939514, 0.18482493],
       [0.15499882, 0.07187921],
       [0.15354702, 0.28836697],
       [0.14939514, 0.18482493],
       [0.16181757, 0.26057887],
       [0.14939514, 0.18482493],
       [0.14939514, 0.18482493],
       [0.16181757, 0.26057887],
       [0.15499882, 0.07187921],
       [0.14939514, 0.18482493],
       [0.14939514, 0.18482493],
       [0.14939514, 0.18482493],
       [0.14939514, 0.18482493],
       [0.14939514, 0.18482493],
       [0.15499882, 0.07187921],
       [0.14939514, 0.18482493],
       [0.16181757, 0.26057887],
       [0.16181757, 0.26057887],
       [0.14939514, 0.18482493],
       [0.16181757, 0.26057887],
       [0.15499882, 0.07187921],
       [0.14939514, 0.18482493],
       [0.13141231, 0.12013459],
       [0.15499882, 0.07187921],
       [0.14939514, 0.18482493],
       [0.16181757, 0.26057887],
       [0.14939514, 0.18482493],
       [0.15499882, 0.07187921],
       [0.14939514, 0.18482493],
       [0.15499882, 0.07187921],
       [0.14939514, 0.18482493],
       [0.14939514, 0.18482493],
       [0.11485263, 0.33851182],
       [0.14366376, 0.08572733],
       [0.13955404, 0.20106539],
       [0.13955404, 0.20106539],
       [0.14938456, 0.27696544],
       [0.14938456, 0.27696544],
       [0.13955404, 0.20106539],
       [0.13955404, 0.20106539],
       [0.13955404, 0.20106539],
       [0.11949788, 0.13188533],
       [0.13955404, 0.20106539],
       [0.13955404, 0.20106539],
       [0.13955404, 0.20106539],
       [0.13955404, 0.20106539],
       [0.13955404, 0.20106539],
       [0.13955404, 0.20106539],
       [0.13955404, 0.20106539],
       [0.13955404, 0.20106539],
       [0.13955404, 0.20106539],
       [0.11949788, 0.13188533],
       [0.13955404, 0.20106539],
       [0.13955404, 0.20106539],
       [0.14938456, 0.27696544],
       [0.13955404, 0.20106539],
       [0.14366376, 0.08572733],
       [0.13955404, 0.20106539],
       [0.14938456, 0.27696544],
       [0.14366376, 0.08572733],
       [0.13955404, 0.20106539],
       [0.14366376, 0.08572733],
       [0.14938456, 0.27696544],
       [0.14938456, 0.27696544],
       [0.14366376, 0.08572733],
       [0.14366376, 0.08572733],
       [0.14366376, 0.08572733],
       [0.13955404, 0.20106539],
       [0.11485263, 0.33851182],
       [0.14938456, 0.27696544],
       [0.13955404, 0.20106539],
       [0.13955404, 0.20106539],
       [0.13955404, 0.20106539],
       [0.13955404, 0.20106539],
       [0.14938456, 0.27696544],
       [0.14938456, 0.27696544],
       [0.13955404, 0.20106539],
       [0.13955404, 0.20106539],
       [0.14366376, 0.08572733],
       [0.14938456, 0.27696544],
       [0.14366376, 0.08572733],
       [0.14938456, 0.27696544],
       [0.1194981 , 0.13195962],
       [0.14366376, 0.08572733],
       [0.11949788, 0.13188533],
       [0.13955404, 0.20106539],
       [0.14366376, 0.08572733],
       [0.14366376, 0.08572733],
       [0.14366376, 0.08572733],
       [0.14366376, 0.08572733],
       [0.14366376, 0.08572733],
       [0.13955404, 0.20106539],
       [0.13955404, 0.20106539],
       [0.14366376, 0.08572733],
       [0.14336123, 0.08633872],
       [0.11949788, 0.13188533]], dtype=float32)}
Bt: -526906446.72519946
Gt_prob: 0.4753561019897461
Bt2At: 0.35922127962112427
mean_saving_p: 0.7860259413719177
post_income: [[ 45790.6593742 ]
 [178945.23875436]
 [ 27065.85801768]
 [ 59144.94681356]
 [ 75671.7685888 ]
 [ 40299.80910368]
 [169688.70939276]
 [ 90619.20416277]
 [157170.29845863]
 [ 81053.09902782]
 [ 64138.329735  ]
 [123296.90681689]
 [ 43388.64980808]
 [ 68311.54009169]
 [ 55630.83928719]
 [ 83793.24305165]
 [ 86243.41031808]
 [ 82865.06075996]
 [ 48658.69340214]
 [ 80145.75640775]
 [133596.75251796]
 [179378.91948802]
 [ 63472.53565154]
 [173202.35658647]
 [ 56333.8256306 ]
 [ 64288.24204235]
 [ 55745.09408985]
 [ 23586.76693057]
 [106483.60827856]
 [155989.18860157]
 [ 85243.2470481 ]
 [ 46720.30203317]
 [ 58309.96352453]
 [ 43882.88023479]
 [122278.26317174]
 [ 91850.60635434]
 [244164.89385477]
 [ 24452.21896047]
 [137845.29372372]
 [ 65930.55670547]
 [178957.5995732 ]
 [192068.26545662]
 [ 80954.7495488 ]
 [ 70506.32325471]
 [ 78817.10720602]
 [ 53040.7974358 ]
 [ 77576.44181355]
 [ 69274.215858  ]
 [ 94935.91049361]
 [132983.2665181 ]
 [122204.09428575]
 [125866.91988152]
 [120304.91610434]
 [ 57147.60681286]
 [ 68109.90936437]
 [ 53833.57276199]
 [ 96333.05829418]
 [ 77987.58441634]
 [140803.46669745]
 [136311.39333514]
 [ 19867.50619743]
 [ 93080.40939549]
 [133025.14274569]
 [ 34007.18808816]
 [ 79489.04578732]
 [ 29135.03039648]
 [142694.23275876]
 [ 94369.71799037]
 [ 33498.31270901]
 [ 34756.57486519]
 [ 37634.60212073]
 [ 89905.73684854]
 [277362.27873718]
 [140216.91221713]
 [ 82131.75463912]
 [ 66287.69447456]
 [ 78903.23504972]
 [116047.42358829]
 [260050.68214631]
 [202056.07549515]
 [ 74040.34176292]
 [ 62593.94194312]
 [ 23103.99485308]
 [103433.67179329]
 [ 22997.79405152]
 [116256.56581383]
 [ 52746.5230532 ]
 [ 22114.37449602]
 [ 55429.38351101]
 [ 67053.21745382]
 [ 18860.7317572 ]
 [ 53778.53792061]
 [ 27822.56016383]
 [ 56273.37377031]
 [ 39428.78745787]
 [117147.33194227]
 [ 52458.71544602]
 [ 54759.30229801]
 [ 48516.21763341]
 [ 79304.60901924]]
consumption: [[12989.33823095]
 [46992.84326311]
 [ 7454.91536219]
 [16163.41965674]
 [19987.86868228]
 [11112.36104155]
 [46534.79442965]
 [24889.02643625]
 [40730.88505632]
 [21116.69237282]
 [17964.33082731]
 [34610.86330204]
 [12178.44215958]
 [19691.86547018]
 [15370.91132832]
 [21445.8289428 ]
 [23764.55405159]
 [21402.14933995]
 [12770.1052898 ]
 [22298.47265945]
 [35434.25917501]
 [45872.88387352]
 [17577.38154747]
 [44230.15136104]
 [14927.88539892]
 [17665.16310012]
 [15648.08112275]
 [ 6979.61489879]
 [28192.30378611]
 [40133.88239225]
 [22297.94668226]
 [12010.65274413]
 [17059.52478968]
 [12466.3914057 ]
 [32257.78283732]
 [22864.09219064]
 [67831.51280212]
 [ 6635.14375263]
 [34600.80241001]
 [19799.16463785]
 [43885.47349673]
 [47875.79622949]
 [21922.83743068]
 [19245.0451879 ]
 [20384.3080551 ]
 [15097.19078759]
 [20775.81115151]
 [20365.62584961]
 [25816.37790825]
 [33593.97521331]
 [31991.53070714]
 [33008.25331154]
 [30208.68172822]
 [16818.1689292 ]
 [19845.87191605]
 [15378.72009811]
 [24784.82015803]
 [21099.6615967 ]
 [36563.17162533]
 [35265.25102102]
 [ 6287.81094436]
 [23135.88431026]
 [35176.31773536]
 [ 9708.11807419]
 [21416.44108994]
 [ 8373.8057107 ]
 [37394.10977938]
 [27144.30235042]
 [ 9260.459383  ]
 [10734.94217668]
 [10127.48057169]
 [25127.22883101]
 [73002.43696146]
 [36561.38297959]
 [23494.50758038]
 [18420.02900742]
 [22315.16034287]
 [30470.51359401]
 [64244.82973258]
 [50628.01526649]
 [20845.87923466]
 [19607.01584387]
 [ 6937.93774913]
 [30416.41231005]
 [ 7114.06549099]
 [31548.60494262]
 [15285.60781797]
 [ 6062.67476579]
 [15593.42481022]
 [17927.62571088]
 [ 5455.22724125]
 [14568.24005405]
 [ 8755.46729512]
 [14977.82770064]
 [10751.82617221]
 [28741.91246249]
 [15336.90386585]
 [14789.69079468]
 [13676.29680631]
 [20777.91641321]]
tax_array: [[ 192523.98954904]
 [ 817632.8880628 ]
 [ 111962.82821586]
 [ 255393.73532252]
 [ 324744.51038848]
 [ 171378.67022616]
 [ 790212.97284004]
 [ 403944.21635172]
 [ 705830.84849308]
 [ 346294.9208332 ]
 [ 283125.34194767]
 [ 575049.91548254]
 [ 187684.30237161]
 [ 308860.54522105]
 [ 241011.07701486]
 [ 354680.16206448]
 [ 384020.08042448]
 [ 352560.34616689]
 [ 202771.70798849]
 [ 357459.25872954]
 [ 602769.19901234]
 [ 805547.51970231]
 [ 277845.09211156]
 [ 775301.60680499]
 [ 238580.22648662]
 [ 280179.82366048]
 [ 240731.35259316]
 [ 101549.09958508]
 [ 468164.79961738]
 [ 696867.7567281 ]
 [ 366379.45608051]
 [ 191566.95062998]
 [ 263556.0796172 ]
 [ 191540.95062335]
 [ 541258.56596877]
 [ 384280.72826189]
 [1140140.54608825]
 [  98582.96807639]
 [ 591194.92447274]
 [ 303562.64705396]
 [ 774943.84180299]
 [ 844229.46109997]
 [ 352100.96919789]
 [ 305452.58635587]
 [ 332056.65073593]
 [ 228345.5762171 ]
 [ 333990.2235658 ]
 [ 315296.85163991]
 [ 418457.74707935]
 [ 571301.90713734]
 [ 534183.18108967]
 [ 551896.37580663]
 [ 511483.43864993]
 [ 256960.30386038]
 [ 307741.75617546]
 [ 232558.56935583]
 [ 409905.79320381]
 [ 338145.83859824]
 [ 622602.8127081 ]
 [ 595573.03804341]
 [  87843.59176664]
 [ 386613.05238969]
 [ 593033.26389221]
 [ 145070.89602052]
 [ 344142.3224868 ]
 [ 123565.15680731]
 [ 635302.20594202]
 [ 435310.79557913]
 [ 139681.31542094]
 [ 156879.17079976]
 [ 155354.30564612]
 [ 402178.0304458 ]
 [1260629.48651828]
 [ 621511.2894093 ]
 [ 371024.63556773]
 [ 289443.03895166]
 [ 352733.45430507]
 [ 506525.96085153]
 [1159291.90306737]
 [ 894034.06117349]
 [ 328588.05987116]
 [ 295927.61328985]
 [  99431.66524766]
 [ 487480.91044373]
 [ 101040.27405401]
 [ 522607.26937471]
 [ 229769.85084357]
 [  89157.61678181]
 [ 237461.32064219]
 [ 285583.56774293]
 [  77996.91455582]
 [ 228378.74707225]
 [ 125363.49242244]
 [ 236924.65393021]
 [ 164712.58470736]
 [ 490021.45735039]
 [ 233457.30230025]
 [ 232364.02468007]
 [ 210110.87438253]
 [ 332122.48869493]]
wealth_gini: 0.3023104956855157
income_gini: 0.31860918322121756
households_reward: [[ -6.52785341]
 [-19.02663927]
 [ -9.39454159]
 [-15.0404671 ]
 [-14.82809222]
 [ -8.99535709]
 [-21.04987187]
 [-14.60879074]
 [-19.16964794]
 [-14.7731539 ]
 [-14.93482957]
 [-19.33246699]
 [ -8.90374783]
 [-14.84301211]
 [-15.09074089]
 [-14.75768757]
 [-14.65502259]
 [-14.75972639]
 [ -8.85630827]
 [-14.71869955]
 [-19.30895547]
 [-19.05076042]
 [-14.9566048 ]
 [-19.08722788]
 [ -8.70018421]
 [-14.95162323]
 [-11.23915256]
 [ -9.46042144]
 [-14.48416871]
 [-19.18441367]
 [-14.71872314]
 [ -8.9176212 ]
 [-14.98650905]
 [ -8.88037885]
 [-14.3494584 ]
 [-14.69365009]
 [-24.5322567 ]
 [-10.22995923]
 [-15.31031168]
 [-15.86854881]
 [-20.27173462]
 [-20.18470791]
 [-15.76665966]
 [-15.89693492]
 [-15.83942316]
 [-11.93957934]
 [-15.82039917]
 [-15.84034008]
 [-15.60317946]
 [-15.33984181]
 [-15.38871735]
 [-15.35743092]
 [-15.4460592 ]
 [-16.03172877]
 [-15.86619253]
 [-11.92110328]
 [-15.64395718]
 [-15.80493155]
 [-20.4542765 ]
 [-15.29129047]
 [-10.28372658]
 [-15.71280371]
 [-20.49294493]
 [ -9.84937712]
 [-15.79002965]
 [ -9.9972311 ]
 [-20.43180479]
 [-20.75215082]
 [ -9.89658591]
 [ -9.74883552]
 [ -9.80708699]
 [-15.63023648]
 [-24.45879076]
 [-20.45432542]
 [-15.69742188]
 [-15.94074995]
 [-15.74892227]
 [-15.43742911]
 [-19.89061674]
 [-20.12881291]
 [-15.81703226]
 [-15.8783011 ]
 [-10.18533499]
 [-20.63833565]
 [-10.16026569]
 [-20.60178862]
 [-11.93142767]
 [-10.32018848]
 [-11.90723869]
 [-15.96784569]
 [-10.42576529]
 [ -9.44349575]
 [ -9.95266123]
 [ -9.41576861]
 [ -9.74726395]
 [-15.49583213]
 [-16.12392661]
 [ -9.4284092 ]
 [ -9.53884374]
 [-11.62019731]]
government_reward: 0.041796705576186956
