government: <entities.government.Government object at 0x7f8a5730cf98>
households: <entities.household.Household object at 0x7f8a5730cd30>
screen: None
alpha: 0.3333333333333333
depreciation_rate: 0.06
interest_rate: 0.04
hours_max: 283720
episode_years: 100
year_per_step: 1
consumption_tax_rate: 0.065
gini_weight: 1
episode_length: 300
step_cnt: 100
xi_max: 0.1
Kt_next: 37013067393.72982
Bt_next: -36972013579.221985
done: False
Kt: 35528453845.777145
workingHours: [[0.49711514]
 [0.49711514]
 [0.49711514]
 [0.49711514]
 [0.49711514]
 [0.49711514]
 [0.49711514]
 [0.49711514]
 [0.50516856]
 [0.49711514]
 [0.49711514]
 [0.49711514]
 [0.49711514]
 [0.50516856]
 [0.49711514]
 [0.534492  ]
 [0.5023969 ]
 [0.5162598 ]
 [0.47855535]
 [0.47855535]
 [0.47855535]
 [0.47855535]
 [0.47855535]
 [0.47855535]
 [0.47855535]
 [0.47855535]
 [0.47855535]
 [0.47855535]
 [0.47855535]
 [0.5023969 ]
 [0.47855535]
 [0.47855535]
 [0.47855535]
 [0.47855535]
 [0.47855535]
 [0.47855535]
 [0.47855535]
 [0.47855535]
 [0.47855535]
 [0.47855535]
 [0.47855535]
 [0.6940143 ]
 [0.5686655 ]
 [0.5686655 ]
 [0.5686655 ]
 [0.5686655 ]
 [0.5686655 ]
 [0.5758494 ]
 [0.5686655 ]
 [0.5686655 ]
 [0.6693275 ]
 [0.5686655 ]
 [0.5686655 ]
 [0.5686655 ]
 [0.5686655 ]
 [0.605806  ]
 [0.5686655 ]
 [0.5686655 ]
 [0.5758494 ]
 [0.5686655 ]
 [0.5686655 ]
 [0.5758494 ]
 [0.5686655 ]
 [0.5686655 ]
 [0.5686655 ]
 [0.5686655 ]
 [0.5686655 ]
 [0.5686655 ]
 [0.5758494 ]
 [0.5686655 ]
 [0.5686655 ]
 [0.605806  ]
 [0.5686655 ]
 [0.5758494 ]
 [0.605806  ]
 [0.605806  ]
 [0.5686655 ]
 [0.5758494 ]
 [0.5758494 ]
 [0.5686655 ]
 [0.5686655 ]
 [0.5686655 ]
 [0.5686655 ]
 [0.5758494 ]
 [0.5758494 ]
 [0.5758494 ]
 [0.5758494 ]
 [0.5686655 ]
 [0.5686655 ]
 [0.5686655 ]
 [0.605806  ]
 [0.5686655 ]
 [0.605806  ]
 [0.5686655 ]
 [0.5758494 ]
 [0.5686655 ]
 [0.605806  ]
 [0.5686655 ]
 [0.5686655 ]
 [0.5758494 ]]
ht: [[141041.50615692]
 [141041.50615692]
 [141041.50615692]
 [141041.50615692]
 [141041.50615692]
 [141041.50615692]
 [141041.50615692]
 [141041.50615692]
 [143326.42303944]
 [141041.50615692]
 [141041.50615692]
 [141041.50615692]
 [141041.50615692]
 [143326.42303944]
 [141041.50615692]
 [151646.07473373]
 [142540.04324198]
 [146473.22746754]
 [135775.72432637]
 [135775.72432637]
 [135775.72432637]
 [135775.72432637]
 [135775.72432637]
 [135775.72432637]
 [135775.72432637]
 [135775.72432637]
 [135775.72432637]
 [135775.72432637]
 [135775.72432637]
 [142540.04324198]
 [135775.72432637]
 [135775.72432637]
 [135775.72432637]
 [135775.72432637]
 [135775.72432637]
 [135775.72432637]
 [135775.72432637]
 [135775.72432637]
 [135775.72432637]
 [135775.72432637]
 [135775.72432637]
 [196905.74027061]
 [161341.77692413]
 [161341.77692413]
 [161341.77692413]
 [161341.77692413]
 [161341.77692413]
 [163379.9957037 ]
 [161341.77692413]
 [161341.77692413]
 [189901.59758568]
 [161341.77692413]
 [161341.77692413]
 [161341.77692413]
 [161341.77692413]
 [171879.2763567 ]
 [161341.77692413]
 [161341.77692413]
 [163379.9957037 ]
 [161341.77692413]
 [161341.77692413]
 [163379.9957037 ]
 [161341.77692413]
 [161341.77692413]
 [161341.77692413]
 [161341.77692413]
 [161341.77692413]
 [161341.77692413]
 [163379.9957037 ]
 [161341.77692413]
 [161341.77692413]
 [171879.2763567 ]
 [161341.77692413]
 [163379.9957037 ]
 [171879.2763567 ]
 [171879.2763567 ]
 [161341.77692413]
 [163379.9957037 ]
 [163379.9957037 ]
 [161341.77692413]
 [161341.77692413]
 [161341.77692413]
 [161341.77692413]
 [163379.9957037 ]
 [163379.9957037 ]
 [163379.9957037 ]
 [163379.9957037 ]
 [161341.77692413]
 [161341.77692413]
 [161341.77692413]
 [171879.2763567 ]
 [161341.77692413]
 [171879.2763567 ]
 [161341.77692413]
 [163379.9957037 ]
 [161341.77692413]
 [171879.2763567 ]
 [161341.77692413]
 [161341.77692413]
 [163379.9957037 ]]
Lt: 26962572.018660963
WageRate: 7.308816711104897
per_household_gdp: 2955967.45416538
GDP: 295596745.416538
income: [[  624460.21045296]
 [ 1225037.53905737]
 [ 1598689.88245433]
 [  947043.76656023]
 [  735838.84208954]
 [  298476.11345083]
 [ 2992933.195326  ]
 [  413049.68229395]
 [ 6816914.43023394]
 [  465245.90405878]
 [  743454.75483562]
 [ 1754624.31422409]
 [  514630.47131748]
 [ 2907595.87453272]
 [ 2611093.26549865]
 [  168791.15474014]
 [ 9253902.83160524]
 [  231299.16423847]
 [  930155.29085127]
 [  559586.10353995]
 [ 2314041.19060156]
 [ 2289228.81913933]
 [  455495.92157721]
 [ 1783954.00210799]
 [ 1743900.15042679]
 [ 1085705.80694191]
 [  986582.97633384]
 [ 1148007.22015106]
 [ 1148867.21183979]
 [ 7316313.27394106]
 [  411031.11564361]
 [ 2574819.07340847]
 [  894875.96725942]
 [  799954.70061558]
 [  452475.63495982]
 [  532213.16670952]
 [ 1356349.20410345]
 [  543068.60509196]
 [ 1474854.89339753]
 [  634083.08085805]
 [  976636.01988945]
 [25581754.46112492]
 [ 1262469.47108144]
 [ 1977602.19108148]
 [  360685.51180701]
 [ 1351073.80617683]
 [  636060.86157201]
 [ 3366018.84229635]
 [ 1249520.00479311]
 [  471487.31227832]
 [21379850.05923227]
 [ 1162868.50953462]
 [ 1168371.12802452]
 [  226253.48957145]
 [ 1514130.91298282]
 [  178081.6705535 ]
 [  346032.64536481]
 [  855141.29053815]
 [ 2608940.11199949]
 [  796802.41278647]
 [ 1069544.99203885]
 [ 4037630.76592633]
 [  500350.14641369]
 [  390764.9130637 ]
 [ 2055283.47924605]
 [ 1034990.2266622 ]
 [  732701.59107547]
 [  575700.4204648 ]
 [ 2521183.28874991]
 [  520843.55100524]
 [  469761.91168982]
 [  101946.6851409 ]
 [ 1779165.72147901]
 [ 4692989.82178047]
 [   93690.7092263 ]
 [  154479.18386363]
 [ 2128483.22999489]
 [ 5451879.74023698]
 [ 3399235.45214999]
 [ 1486315.4529255 ]
 [ 1351706.58006427]
 [  983565.06720639]
 [  634667.03417307]
 [ 3265855.05600492]
 [ 4035028.35709532]
 [ 3775105.20569167]
 [ 3226382.98111355]
 [  649210.37622577]
 [  746075.99497849]
 [  508678.58727893]
 [  216462.54720678]
 [  634438.50395899]
 [  118988.08849995]
 [  278009.05666291]
 [ 4054729.47848249]
 [ 1054449.54095904]
 [  170713.27301818]
 [ 1425204.23812208]
 [ 1203124.67702812]
 [ 3922845.16204193]]
display_mode: False
olg_GDP: 31439062.637654163
old_per_gdp: 2856349.1299691373
valid_action_dict: {'government': array([ 0.19220506, -0.17914501,  0.07085297,  0.02973569, -0.18241085,
       -0.14337832], dtype=float32), 'Household': array([[-3.20256464e-02, -5.76973567e-03],
       [-3.20256464e-02, -5.76973567e-03],
       [-3.20256464e-02, -5.76973567e-03],
       [-3.20256464e-02, -5.76973567e-03],
       [-3.20256464e-02, -5.76973567e-03],
       [-3.20256464e-02, -5.76973567e-03],
       [-3.20256464e-02, -5.76973567e-03],
       [-3.20256464e-02, -5.76973567e-03],
       [-1.74526144e-02,  1.03371125e-02],
       [-3.20256464e-02, -5.76973567e-03],
       [-3.20256464e-02, -5.76973567e-03],
       [-3.20256464e-02, -5.76973567e-03],
       [-3.20256464e-02, -5.76973567e-03],
       [-1.74526144e-02,  1.03371125e-02],
       [-3.20256464e-02, -5.76973567e-03],
       [-1.06900511e-02,  6.89840764e-02],
       [-2.63839960e-02,  4.79371613e-03],
       [-2.79842913e-02,  3.25195938e-02],
       [-4.98121977e-02, -4.28892896e-02],
       [-4.98121977e-02, -4.28892896e-02],
       [-4.98121977e-02, -4.28892896e-02],
       [-4.98121977e-02, -4.28892896e-02],
       [-4.98121977e-02, -4.28892896e-02],
       [-4.98121977e-02, -4.28892896e-02],
       [-4.98121977e-02, -4.28892896e-02],
       [-4.98121977e-02, -4.28892896e-02],
       [-4.98121977e-02, -4.28892896e-02],
       [-4.98121977e-02, -4.28892896e-02],
       [-4.98121977e-02, -4.28892896e-02],
       [-2.63839960e-02,  4.79371613e-03],
       [-4.98121977e-02, -4.28892896e-02],
       [-4.98121977e-02, -4.28892896e-02],
       [-4.98121977e-02, -4.28892896e-02],
       [-4.98121977e-02, -4.28892896e-02],
       [-4.98121977e-02, -4.28892896e-02],
       [-4.98121977e-02, -4.28892896e-02],
       [-4.98121977e-02, -4.28892896e-02],
       [-4.98121977e-02, -4.28892896e-02],
       [-4.98121977e-02, -4.28892896e-02],
       [-4.98121977e-02, -4.28892896e-02],
       [-4.98121977e-02, -4.28892896e-02],
       [-2.10180879e-05,  3.88028562e-01],
       [ 2.34483778e-02,  1.37331039e-01],
       [ 2.34483778e-02,  1.37331039e-01],
       [ 2.34483778e-02,  1.37331039e-01],
       [ 2.34483778e-02,  1.37331039e-01],
       [ 2.34483778e-02,  1.37331039e-01],
       [ 3.95670608e-02,  1.51698798e-01],
       [ 2.34483778e-02,  1.37331039e-01],
       [ 2.34483778e-02,  1.37331039e-01],
       [ 3.57173681e-02,  3.38655025e-01],
       [ 2.34483778e-02,  1.37331039e-01],
       [ 2.34483778e-02,  1.37331039e-01],
       [ 2.34483778e-02,  1.37331039e-01],
       [ 2.34483778e-02,  1.37331039e-01],
       [ 4.34468836e-02,  2.11611927e-01],
       [ 2.34483778e-02,  1.37331039e-01],
       [ 2.34483778e-02,  1.37331039e-01],
       [ 3.95670608e-02,  1.51698798e-01],
       [ 2.34483778e-02,  1.37331039e-01],
       [ 2.34483778e-02,  1.37331039e-01],
       [ 3.95670608e-02,  1.51698798e-01],
       [ 2.34483778e-02,  1.37331039e-01],
       [ 2.34483778e-02,  1.37331039e-01],
       [ 2.34483778e-02,  1.37331039e-01],
       [ 2.34483778e-02,  1.37331039e-01],
       [ 2.34483778e-02,  1.37331039e-01],
       [ 2.34483778e-02,  1.37331039e-01],
       [ 3.95670608e-02,  1.51698798e-01],
       [ 2.34483778e-02,  1.37331039e-01],
       [ 2.34483778e-02,  1.37331039e-01],
       [ 4.34468836e-02,  2.11611927e-01],
       [ 2.34483778e-02,  1.37331039e-01],
       [ 3.95670608e-02,  1.51698798e-01],
       [ 4.34468836e-02,  2.11611927e-01],
       [ 4.34468836e-02,  2.11611927e-01],
       [ 2.34483778e-02,  1.37331039e-01],
       [ 3.95670608e-02,  1.51698798e-01],
       [ 3.95670608e-02,  1.51698798e-01],
       [ 2.34483778e-02,  1.37331039e-01],
       [ 2.34483778e-02,  1.37331039e-01],
       [ 2.34483778e-02,  1.37331039e-01],
       [ 2.34483778e-02,  1.37331039e-01],
       [ 3.95670608e-02,  1.51698798e-01],
       [ 3.95670608e-02,  1.51698798e-01],
       [ 3.95670608e-02,  1.51698798e-01],
       [ 3.95670608e-02,  1.51698798e-01],
       [ 2.34483778e-02,  1.37331039e-01],
       [ 2.34483778e-02,  1.37331039e-01],
       [ 2.34483778e-02,  1.37331039e-01],
       [ 4.34468836e-02,  2.11611927e-01],
       [ 2.34483778e-02,  1.37331039e-01],
       [ 4.34468836e-02,  2.11611927e-01],
       [ 2.34483778e-02,  1.37331039e-01],
       [ 3.95670608e-02,  1.51698798e-01],
       [ 2.34483778e-02,  1.37331039e-01],
       [ 4.34468836e-02,  2.11611927e-01],
       [ 2.34483778e-02,  1.37331039e-01],
       [ 2.34483778e-02,  1.37331039e-01],
       [ 3.95670608e-02,  1.51698798e-01]], dtype=float32)}
Bt: -35488551104.18349
Gt_prob: 0.4087945818901062
Bt2At: 0.4283108413219452
mean_saving_p: 0.7502081394195557
post_income: [[ 152094.38867695]
 [ 290233.05755505]
 [ 374642.07986427]
 [ 226754.15922212]
 [ 178018.72520112]
 [  74933.51586974]
 [ 683552.7979287 ]
 [ 102324.11297692]
 [1505187.0666084 ]
 [ 114693.06378667]
 [ 179785.21958737]
 [ 409616.58069034]
 [ 126343.20496541]
 [ 664851.58028271]
 [ 599694.71435584]
 [  43378.72197193]
 [2017807.23540331]
 [  58679.37546503]
 [ 222875.0249998 ]
 [ 136908.53708119]
 [ 534111.17823058]
 [ 528617.99592738]
 [ 112387.13557899]
 [ 416180.32914299]
 [ 407215.47844508]
 [ 258500.75098139]
 [ 235824.95682941]
 [ 272709.14460553]
 [ 272905.04797577]
 [1610774.45426189]
 [ 101844.53231529]
 [ 591703.19735709]
 [ 214762.27911461]
 [ 192867.58005579]
 [ 111672.41095909]
 [ 130479.77174352]
 [ 320002.96287812]
 [ 133030.84917003]
 [ 346767.77510547]
 [ 154341.24692033]
 [ 233544.42692425]
 [5350081.10790805]
 [ 298732.08843198]
 [ 459409.47902115]
 [  89850.54756005]
 [ 318809.32755478]
 [ 154802.86781041]
 [ 765063.71230233]
 [ 295793.05964919]
 [ 116168.15000665]
 [4504358.81468727]
 [ 276093.65573191]
 [ 277346.37097315]
 [  57451.29797076]
 [ 355618.54223316]
 [  45665.81822365]
 [  86347.21803818]
 [ 205609.22832892]
 [ 599220.48391701]
 [ 192138.70327639]
 [ 254809.7387738 ]
 [ 910887.77096283]
 [ 122979.30264561]
 [  97024.14919994]
 [ 476700.91824811]
 [ 246909.95358155]
 [ 177290.82884545]
 [ 140687.04696563]
 [ 579878.28171618]
 [ 127805.56867105]
 [ 115760.45170168]
 [  26747.76989467]
 [ 415109.05485363]
 [1052220.71331598]
 [  24666.99829338]
 [  39845.23092647]
 [ 492970.23931728]
 [1214875.45022716]
 [ 772302.20190183]
 [ 349351.37603635]
 [ 318952.5119096 ]
 [ 235133.14363345]
 [ 154477.54979298]
 [ 743218.36541583]
 [ 910324.75749131]
 [ 854015.35087275]
 [ 734602.14327549]
 [ 157870.52143195]
 [ 180393.03836498]
 [ 124941.63888724]
 [  55065.02721233]
 [ 154424.20825739]
 [  31021.49629362]
 [  69998.97299779]
 [ 914586.5913266 ]
 [ 251359.98025865]
 [  43852.31502226]
 [ 335565.21813617]
 [ 285252.74936022]
 [ 886040.38138158]]
consumption: [[  44110.78741017]
 [  86730.51606572]
 [ 108848.47393311]
 [  70814.80041339]
 [  52125.70534195]
 [  23936.78943305]
 [ 194837.452412  ]
 [  30515.62503829]
 [ 429742.56845094]
 [  34920.2389724 ]
 [  51954.31149   ]
 [ 119371.92937277]
 [  38964.90896509]
 [ 195158.47445968]
 [ 176032.47856523]
 [  13100.17802751]
 [ 572604.88692776]
 [  17851.58160037]
 [  68948.25295793]
 [  46932.66640674]
 [ 164177.07065394]
 [ 154546.21086733]
 [  35908.65206471]
 [ 130515.43354907]
 [ 118593.41208687]
 [  85361.58085847]
 [  72042.92269694]
 [  78345.02668194]
 [  84424.22724652]
 [ 474762.79645509]
 [  32912.78725142]
 [ 178114.9605143 ]
 [  66948.40540583]
 [  54831.99754535]
 [  33985.91857328]
 [  42828.71763874]
 [  98079.97740859]
 [  39246.8099371 ]
 [ 104750.23100293]
 [  48130.72018654]
 [  72387.71675485]
 [1510691.97438693]
 [  78789.80564021]
 [ 131020.18953185]
 [  26428.11952245]
 [  92970.5637663 ]
 [  44398.76264461]
 [ 227685.98039618]
 [  83229.66922219]
 [  32645.93780895]
 [1185895.90168403]
 [  78080.83267506]
 [  76165.09318113]
 [  17775.97859868]
 [ 101417.97463211]
 [  12666.58204242]
 [  24947.88357628]
 [  57946.38196223]
 [ 169252.35031493]
 [  51916.16576895]
 [  72410.88470759]
 [ 243955.64318956]
 [  36012.34604245]
 [  31821.50438017]
 [ 128518.93589644]
 [  66403.48915622]
 [  50314.33274914]
 [  40676.4357227 ]
 [ 170222.27802022]
 [  35123.24719565]
 [  33739.26124447]
 [   7984.71424452]
 [ 113841.80011972]
 [ 294165.33900881]
 [   7455.18486457]
 [  11792.51232201]
 [ 133801.78190583]
 [ 331644.39868342]
 [ 214050.49697028]
 [  93677.43831098]
 [  83693.99424911]
 [  66066.00071196]
 [  43421.56327635]
 [ 201478.19190469]
 [ 258821.83982188]
 [ 237295.47678246]
 [ 208891.19479739]
 [  45774.46834614]
 [  50585.18758954]
 [  37274.07586022]
 [  16163.59524249]
 [  44254.70802952]
 [   9609.92097515]
 [  20395.44185025]
 [ 256222.70325987]
 [  66954.80156953]
 [  12182.18883057]
 [  96957.69617063]
 [  82275.87942732]
 [ 242499.56973177]]
tax_array: [[  556612.87290309]
 [ 1135763.96892043]
 [ 1447827.79604277]
 [  913362.90751486]
 [  663631.53274038]
 [  288796.53138041]
 [ 2684804.87536064]
 [  375735.12687637]
 [ 6281979.22363586]
 [  432642.38521579]
 [  662161.80711106]
 [ 1595935.22931106]
 [  485417.62118371]
 [ 2720796.8717588 ]
 [ 2405731.49914918]
 [  156227.40901609]
 [ 8439199.94355557]
 [  213259.67014137]
 [  873683.76989346]
 [  577380.67110349]
 [ 2190221.62671418]
 [ 2062403.09821408]
 [  436596.06885709]
 [ 1715656.69583092]
 [ 1559098.70982573]
 [ 1090883.61127769]
 [  916165.26342739]
 [ 1006853.85654678]
 [ 1082665.40325418]
 [ 6905554.36440602]
 [  397745.04200885]
 [ 2390960.75056764]
 [  846379.95826835]
 [  691002.65092075]
 [  413515.72033067]
 [  525308.92486337]
 [ 1269811.5639048 ]
 [  483062.08389566]
 [ 1362930.20926058]
 [  596649.13316053]
 [  919779.38537963]
 [24142301.27786818]
 [ 1094622.84060468]
 [ 1861952.85862021]
 [  340744.94013287]
 [ 1292878.33312663]
 [  591702.73228836]
 [ 3390001.35950816]
 [ 1152929.12861275]
 [  427958.702564  ]
 [19463803.91331285]
 [ 1077119.70950632]
 [ 1051796.68403093]
 [  222882.75477787]
 [ 1419803.84743414]
 [  160236.84889182]
 [  321027.52629389]
 [  785673.35097264]
 [ 2483584.01925196]
 [  702159.66842336]
 [  994100.12293444]
 [ 3670204.53404173]
 [  473192.33697634]
 [  412045.96162202]
 [ 1832642.48534218]
 [  911535.2140397 ]
 [  676126.17608952]
 [  538924.10865901]
 [ 2493084.73050209]
 [  463442.96669444]
 [  441761.27994621]
 [   97528.23968587]
 [ 1609526.48845927]
 [ 4460295.66085008]
 [   90580.36905467]
 [  147642.90237696]
 [ 1911256.16845608]
 [ 5071141.59277242]
 [ 3188103.67900148]
 [ 1312281.36648776]
 [ 1167483.8276223 ]
 [  902943.37889883]
 [  578916.49491718]
 [ 2995124.14694124]
 [ 3891546.03092388]
 [ 3554901.34710341]
 [ 3101824.4792405 ]
 [  610613.19000548]
 [  680685.16875709]
 [  490101.84992753]
 [  206443.70483438]
 [  589707.82276422]
 [  118387.07664865]
 [  259094.13823016]
 [ 3853554.21411476]
 [  920473.03559821]
 [  153722.35143002]
 [ 1352518.20975063]
 [ 1136797.17341099]
 [ 3641148.46672585]]
wealth_gini: 0.5585539038450376
income_gini: 0.5643486948175194
households_reward: [[ -3.91854703]
 [ -3.2424456 ]
 [ -3.01529462]
 [ -3.44518337]
 [ -3.75159318]
 [ -4.52983481]
 [ -2.43308576]
 [ -4.28701254]
 [ -2.36383868]
 [ -4.15218482]
 [ -3.75488668]
 [ -2.92300731]
 [ -4.04258992]
 [ -3.15321311]
 [ -2.53458288]
 [ -8.68281582]
 [ -1.82580241]
 [ -6.57732003]
 [ -1.89551295]
 [ -2.28015527]
 [ -1.02792367]
 [ -1.08837606]
 [ -2.54789094]
 [ -1.25737773]
 [ -1.35316827]
 [ -1.68197309]
 [ -1.85160712]
 [ -1.76774672]
 [ -1.6930148 ]
 [ -2.01318304]
 [ -2.63500796]
 [ -0.94644003]
 [ -1.92494696]
 [ -2.12459529]
 [ -2.60292293]
 [ -2.37166036]
 [ -1.54308597]
 [ -2.45899905]
 [ -1.47729045]
 [ -2.25494857]
 [ -1.84683259]
 [-25.5344418 ]
 [-10.6000187 ]
 [-10.09145089]
 [-11.69237374]
 [-10.43451939]
 [-11.17359072]
 [-10.37837098]
 [-10.54519843]
 [-11.48108189]
 [-21.68247288]
 [-10.60905771]
 [-10.63389906]
 [-12.08895429]
 [-10.34755198]
 [-16.99984552]
 [-11.75001333]
 [-10.90728418]
 [-10.67494758]
 [-11.0171721 ]
 [-10.68444569]
 [-10.30935196]
 [-11.38294049]
 [-11.50666002]
 [-10.11072606]
 [-10.77105272]
 [-11.04851234]
 [-11.26115337]
 [-10.66923328]
 [-11.40793909]
 [-11.44814014]
 [-17.46128371]
 [-10.23199255]
 [-10.12219639]
 [-17.52990296]
 [-17.07134793]
 [-10.07044285]
 [-10.00227507]
 [-10.44012643]
 [-10.42694495]
 [-10.5396351 ]
 [-10.77614807]
 [-11.19584615]
 [-10.50065723]
 [-10.25019843]
 [-10.33703228]
 [-10.46452486]
 [-11.14307584]
 [-11.04314352]
 [-11.34850425]
 [-16.7560512 ]
 [-11.17684056]
 [-17.27601671]
 [-11.95149088]
 [-10.26029138]
 [-10.76278453]
 [-17.03883776]
 [-10.39252756]
 [-10.55672434]
 [-10.31533844]]
government_reward: 0.03487610220719731
