government: <entities.government.Government object at 0x7f8a5730cf98>
households: <entities.household.Household object at 0x7f8a5730cd30>
screen: None
alpha: 0.3333333333333333
depreciation_rate: 0.06
interest_rate: 0.04
hours_max: 283720
episode_years: 100
year_per_step: 1
consumption_tax_rate: 0.065
gini_weight: 1
episode_length: 300
step_cnt: 1
xi_max: 0.1
Kt_next: 328884309.08177525
Bt_next: -280224337.19076824
done: False
Kt: 325789644.8
workingHours: [[0.56465524]
 [0.56465524]
 [0.71117896]
 [0.6213211 ]
 [0.6213211 ]
 [0.6213211 ]
 [0.6213211 ]
 [0.6213211 ]
 [0.6213211 ]
 [0.6213211 ]
 [0.6619526 ]
 [0.6213211 ]
 [0.6213211 ]
 [0.71117896]
 [0.6213211 ]
 [0.6213211 ]
 [0.6213211 ]
 [0.6213211 ]
 [0.6213211 ]
 [0.71213293]
 [0.71213293]
 [0.74328256]
 [0.66038865]
 [0.66038865]
 [0.66038865]
 [0.66038865]
 [0.66038865]
 [0.66038865]
 [0.66038865]
 [0.7025866 ]
 [0.6323432 ]
 [0.6323432 ]
 [0.7025866 ]
 [0.6323432 ]
 [0.6323432 ]
 [0.6323432 ]
 [0.6323432 ]
 [0.7354611 ]
 [0.71893007]
 [0.6323432 ]
 [0.6323432 ]
 [0.75478363]
 [0.65822107]
 [0.65822107]
 [0.65822107]
 [0.7354611 ]
 [0.71893007]
 [0.6323432 ]
 [0.67114234]
 [0.6323432 ]
 [0.6323432 ]
 [0.7354611 ]
 [0.6517893 ]
 [0.6517893 ]
 [0.6517893 ]
 [0.6517893 ]
 [0.6517893 ]
 [0.6517893 ]
 [0.7354611 ]
 [0.6517893 ]
 [0.6517893 ]
 [0.6517893 ]
 [0.7354611 ]
 [0.6517893 ]
 [0.6517893 ]
 [0.6517893 ]
 [0.74903256]
 [0.6517893 ]
 [0.6517893 ]
 [0.6517893 ]
 [0.74903256]
 [0.6517893 ]
 [0.6517893 ]
 [0.6517893 ]
 [0.7354611 ]
 [0.7354611 ]
 [0.74903256]
 [0.6517893 ]
 [0.6517893 ]
 [0.6517893 ]
 [0.689201  ]
 [0.6517893 ]
 [0.6517893 ]
 [0.7354611 ]
 [0.6517893 ]
 [0.6517893 ]
 [0.65253097]
 [0.63779104]
 [0.63779104]
 [0.63779104]
 [0.65253097]
 [0.63779104]
 [0.63779104]
 [0.63779104]
 [0.63779104]
 [0.6779975 ]
 [0.63779104]
 [0.7025866 ]
 [0.6323432 ]
 [0.6323432 ]]
ht: [[160203.9859271 ]
 [160203.9859271 ]
 [201775.69408178]
 [176281.21741772]
 [176281.21741772]
 [176281.21741772]
 [176281.21741772]
 [176281.21741772]
 [176281.21741772]
 [176281.21741772]
 [187809.19586658]
 [176281.21741772]
 [176281.21741772]
 [201775.69408178]
 [176281.21741772]
 [176281.21741772]
 [176281.21741772]
 [176281.21741772]
 [176281.21741772]
 [202046.35511398]
 [202046.35511398]
 [210884.12693977]
 [187365.46735525]
 [187365.46735525]
 [187365.46735525]
 [187365.46735525]
 [187365.46735525]
 [187365.46735525]
 [187365.46735525]
 [199337.86766768]
 [179408.40505123]
 [179408.40505123]
 [199337.86766768]
 [179408.40505123]
 [179408.40505123]
 [179408.40505123]
 [179408.40505123]
 [208665.0277853 ]
 [203974.83822107]
 [179408.40505123]
 [179408.40505123]
 [214147.21160889]
 [186750.48084497]
 [186750.48084497]
 [186750.48084497]
 [208665.0277853 ]
 [203974.83822107]
 [179408.40505123]
 [190416.50462151]
 [179408.40505123]
 [179408.40505123]
 [208665.0277853 ]
 [184925.66235065]
 [184925.66235065]
 [184925.66235065]
 [184925.66235065]
 [184925.66235065]
 [184925.66235065]
 [208665.0277853 ]
 [184925.66235065]
 [184925.66235065]
 [184925.66235065]
 [208665.0277853 ]
 [184925.66235065]
 [184925.66235065]
 [184925.66235065]
 [212515.51707506]
 [184925.66235065]
 [184925.66235065]
 [184925.66235065]
 [212515.51707506]
 [184925.66235065]
 [184925.66235065]
 [184925.66235065]
 [208665.0277853 ]
 [208665.0277853 ]
 [212515.51707506]
 [184925.66235065]
 [184925.66235065]
 [184925.66235065]
 [195540.10696888]
 [184925.66235065]
 [184925.66235065]
 [208665.0277853 ]
 [184925.66235065]
 [184925.66235065]
 [185136.08629465]
 [180954.07317638]
 [180954.07317638]
 [180954.07317638]
 [185136.08629465]
 [180954.07317638]
 [180954.07317638]
 [180954.07317638]
 [180954.07317638]
 [192361.45907164]
 [180954.07317638]
 [199337.86766768]
 [179408.40505123]
 [179408.40505123]]
Lt: 19736627.885208514
WageRate: 1.6974494453216065
per_household_gdp: 502528.9208439926
GDP: 50252892.08439926
income: [[ 290728.77120409]
 [ 427809.137779  ]
 [ 706143.83182001]
 [ 275903.92602612]
 [ 246493.16031939]
 [ 280336.24646143]
 [ 306534.22094673]
 [ 319804.26528765]
 [ 347893.54222658]
 [ 283288.49561054]
 [ 413454.52582966]
 [ 474556.71683068]
 [ 328301.46420355]
 [ 655189.72234607]
 [ 306163.17617775]
 [ 236552.83005606]
 [ 358846.80118691]
 [ 238486.88873821]
 [ 325232.13747706]
 [1455754.81049019]
 [1444124.73700582]
 [ 967227.60796385]
 [ 334349.65434059]
 [ 357091.79722508]
 [ 217027.73943388]
 [ 303410.65209763]
 [ 324769.75389223]
 [ 165071.76365314]
 [ 329536.48289713]
 [1483634.39276169]
 [ 201486.55158093]
 [ 209130.55587694]
 [1339529.61281756]
 [ 404993.39206602]
 [ 361152.38399662]
 [ 263149.28781765]
 [ 438439.30328719]
 [ 561207.16925516]
 [1415808.82568439]
 [ 269815.00529749]
 [ 203835.80796178]
 [ 646871.1533714 ]
 [ 262572.86993968]
 [ 380988.47674701]
 [ 338757.93026293]
 [ 823509.8149727 ]
 [1376611.56048967]
 [ 275555.20147031]
 [ 509926.51886286]
 [ 394152.02932905]
 [ 415571.7395075 ]
 [ 897008.02283047]
 [ 214308.58393677]
 [ 353901.48125431]
 [ 310448.43542607]
 [ 327642.25260307]
 [ 306281.27177836]
 [ 415382.28660696]
 [ 827076.31297791]
 [ 578022.51564425]
 [ 343651.47325394]
 [ 267301.30218787]
 [ 892343.01271004]
 [ 279161.27704885]
 [ 422078.05875488]
 [ 399833.18428296]
 [ 816004.06722418]
 [ 462088.25431545]
 [ 286217.78811887]
 [ 244545.59143684]
 [ 452198.83465336]
 [ 455459.53908001]
 [ 422371.07555467]
 [ 409758.65475751]
 [ 806952.18067331]
 [ 744483.91031183]
 [ 698222.01181515]
 [ 369964.70260589]
 [ 319493.50606194]
 [ 362340.18308303]
 [ 717089.10481905]
 [ 423550.01352914]
 [ 473879.94489691]
 [1202319.10159887]
 [ 247920.67762939]
 [ 282591.06183933]
 [1194893.64669539]
 [ 287501.65870675]
 [ 351760.7306008 ]
 [ 306896.96070857]
 [1106767.23662986]
 [ 356269.82357908]
 [ 317956.50348589]
 [ 206490.78895254]
 [ 238075.99340366]
 [ 373044.58162436]
 [ 255223.20110193]
 [1768339.55914313]
 [ 426516.1259675 ]
 [ 272998.89269467]]
display_mode: False
olg_GDP: 31439062.637654163
old_per_gdp: 313501.9000051083
valid_action_dict: {'government': array([-0.29585716, -0.21437728,  0.18091679,  0.43833238, -0.25500232,
       -0.1074015 ], dtype=float32), 'Household': array([[-0.45700264,  0.12931044],
       [-0.45700264,  0.12931044],
       [-0.24653956,  0.42235792],
       [-0.38601452,  0.2426421 ],
       [-0.38601452,  0.2426421 ],
       [-0.38601452,  0.2426421 ],
       [-0.38601452,  0.2426421 ],
       [-0.38601452,  0.2426421 ],
       [-0.38601452,  0.2426421 ],
       [-0.38601452,  0.2426421 ],
       [-0.27798006,  0.32390517],
       [-0.38601452,  0.2426421 ],
       [-0.38601452,  0.2426421 ],
       [-0.24653956,  0.42235792],
       [-0.38601452,  0.2426421 ],
       [-0.38601452,  0.2426421 ],
       [-0.38601452,  0.2426421 ],
       [-0.38601452,  0.2426421 ],
       [-0.38601452,  0.2426421 ],
       [-0.46316823,  0.42426586],
       [-0.46316823,  0.42426586],
       [-0.323273  ,  0.48656505],
       [-0.45702845,  0.3207773 ],
       [-0.45702845,  0.3207773 ],
       [-0.45702845,  0.3207773 ],
       [-0.45702845,  0.3207773 ],
       [-0.45702845,  0.3207773 ],
       [-0.45702845,  0.3207773 ],
       [-0.45702845,  0.3207773 ],
       [-0.47467154,  0.40517315],
       [-0.48770735,  0.26468638],
       [-0.48770735,  0.26468638],
       [-0.47467154,  0.40517315],
       [-0.48770735,  0.26468638],
       [-0.48770735,  0.26468638],
       [-0.48770735,  0.26468638],
       [-0.48770735,  0.26468638],
       [-0.33417422,  0.47092226],
       [-0.37518263,  0.43786013],
       [-0.48770735,  0.26468638],
       [-0.48770735,  0.26468638],
       [-0.3591683 ,  0.50956726],
       [-0.4496602 ,  0.3164421 ],
       [-0.4496602 ,  0.3164421 ],
       [-0.4496602 ,  0.3164421 ],
       [-0.33417422,  0.47092226],
       [-0.37518263,  0.43786013],
       [-0.48770735,  0.26468638],
       [-0.39717442,  0.34228468],
       [-0.48770735,  0.26468638],
       [-0.48770735,  0.26468638],
       [-0.33417422,  0.47092226],
       [-0.46779355,  0.30357862],
       [-0.46779355,  0.30357862],
       [-0.46779355,  0.30357862],
       [-0.46779355,  0.30357862],
       [-0.46779355,  0.30357862],
       [-0.46779355,  0.30357862],
       [-0.33417422,  0.47092226],
       [-0.46779355,  0.30357862],
       [-0.46779355,  0.30357862],
       [-0.46779355,  0.30357862],
       [-0.33417422,  0.47092226],
       [-0.46779355,  0.30357862],
       [-0.46779355,  0.30357862],
       [-0.46779355,  0.30357862],
       [-0.3791599 ,  0.49806508],
       [-0.46779355,  0.30357862],
       [-0.46779355,  0.30357862],
       [-0.46779355,  0.30357862],
       [-0.3791599 ,  0.49806508],
       [-0.46779355,  0.30357862],
       [-0.46779355,  0.30357862],
       [-0.46779355,  0.30357862],
       [-0.33417422,  0.47092226],
       [-0.33417422,  0.47092226],
       [-0.3791599 ,  0.49806508],
       [-0.46779355,  0.30357862],
       [-0.46779355,  0.30357862],
       [-0.46779355,  0.30357862],
       [-0.37362534,  0.378402  ],
       [-0.46779355,  0.30357862],
       [-0.46779355,  0.30357862],
       [-0.33417422,  0.47092226],
       [-0.46779355,  0.30357862],
       [-0.46779355,  0.30357862],
       [-0.4152886 ,  0.30506194],
       [-0.50469446,  0.2755821 ],
       [-0.50469446,  0.2755821 ],
       [-0.50469446,  0.2755821 ],
       [-0.4152886 ,  0.30506194],
       [-0.50469446,  0.2755821 ],
       [-0.50469446,  0.2755821 ],
       [-0.50469446,  0.2755821 ],
       [-0.50469446,  0.2755821 ],
       [-0.4147886 ,  0.35599506],
       [-0.50469446,  0.2755821 ],
       [-0.47467154,  0.40517315],
       [-0.48770735,  0.26468638],
       [-0.48770735,  0.26468638]], dtype=float32)}
Bt: 81447411.2
Gt_prob: 0.37249884009361267
Bt2At: 0.4462992548942566
mean_saving_p: 0.6416994333267212
post_income: [[119620.83432978]
 [173372.0113038 ]
 [280590.41543731]
 [113754.75523391]
 [102079.72294035]
 [115509.85922917]
 [125862.01176968]
 [131092.23713749]
 [142135.60715954]
 [116678.28092787]
 [167779.50862252]
 [191534.89552715]
 [134436.80637018]
 [261110.53842798]
 [125715.64291838]
 [ 98121.68010901]
 [146432.26174122]
 [ 98892.28763229]
 [133229.09041207]
 [562245.45974159]
 [557929.42602038]
 [379613.06263319]
 [136815.3490316 ]
 [145744.17388054]
 [ 90327.85469401]
 [124629.61564786]
 [133047.11342588]
 [ 69446.04333053]
 [134922.63507342]
 [572586.35145619]
 [ 84104.66457992]
 [ 87167.83889345]
 [519050.36637801]
 [164479.52473044]
 [147336.01536018]
 [108697.94396007]
 [177508.7213302 ]
 [225020.42980427]
 [547415.38211645]
 [111341.86271815]
 [ 85046.55783421]
 [257924.79329616]
 [108469.18843671]
 [155102.25555113]
 [138547.90417547]
 [325256.07736643]
 [532847.28426406]
 [113616.62100309]
 [205230.09499951]
 [160247.24347673]
 [168604.84041174]
 [353097.42913833]
 [ 89240.31745949]
 [144492.99967631]
 [127405.65945964]
 [134177.45791473]
 [125762.22974346]
 [168530.99466295]
 [326609.26511363]
 [231494.0592834 ]
 [140470.14410161]
 [110345.1215363 ]
 [351333.05137794]
 [115044.70338562]
 [171140.10256361]
 [162465.63093393]
 [322407.52041719]
 [186697.68347267]
 [117837.14432994]
 [101304.74145041]
 [182857.384771  ]
 [184123.95553527]
 [171254.24363126]
 [166338.38652564]
 [318970.80764853]
 [295211.31496424]
 [277565.61306376]
 [150788.23564826]
 [130969.8540618 ]
 [147801.52611268]
 [284767.47868286]
 [171713.45291692]
 [191272.46725987]
 [467864.93202269]
 [102647.61135467]
 [116402.29852459]
 [465088.59029598]
 [118344.91189088]
 [143653.1945284 ]
 [126005.09775414]
 [432085.53472284]
 [145421.85541252]
 [130364.48346473]
 [ 86110.51312483]
 [ 98728.59084776]
 [151994.01081029]
 [105550.67519488]
 [677774.17400209]
 [172868.56454628]
 [112603.82433562]]
consumption: [[  86462.83217841]
 [  59926.41916605]
 [ 485428.97432076]
 [  86097.65021201]
 [  33861.03900206]
 [  38173.23689351]
 [  61328.34772758]
 [  53885.38003412]
 [  47035.6110904 ]
 [  38752.17900133]
 [ 176351.9550395 ]
 [ 111401.10203555]
 [  44388.59429931]
 [ 479795.00248838]
 [  41493.74482411]
 [  75255.31616342]
 [  68021.57138388]
 [  32504.11684967]
 [  68120.61689508]
 [1422252.14449885]
 [1419823.82334404]
 [ 612498.02401974]
 [  51261.45526206]
 [  50678.96310082]
 [  73667.05767989]
 [  54435.87390371]
 [  78170.97996493]
 [  24382.15295006]
 [  46821.04010379]
 [1462574.57043465]
 [  51245.25776796]
 [  31137.81491498]
 [1418481.20235876]
 [ 101108.01563687]
 [  84807.0088194 ]
 [  81633.51372175]
 [  74048.88397328]
 [ 502222.74848751]
 [1331050.68805344]
 [  39279.62152878]
 [  31449.04247532]
 [ 330210.02989797]
 [  79462.16414004]
 [  95331.2031352 ]
 [  84552.78691117]
 [ 566925.70007403]
 [1317965.76147272]
 [  40312.86569596]
 [ 201673.45844505]
 [  56811.72289486]
 [  80755.00774422]
 [ 575645.23340911]
 [  35139.83405783]
 [  95614.66324061]
 [  55794.55940126]
 [  50433.94822397]
 [  47231.93824518]
 [ 103955.30743115]
 [ 534118.22846137]
 [ 122850.50027226]
 [  50740.5557158 ]
 [  41919.93574038]
 [ 541782.14644622]
 [  85409.86491085]
 [  59593.10916223]
 [  56737.41837928]
 [ 355943.05406185]
 [ 110156.39071816]
 [  41280.12381431]
 [  86887.98652999]
 [ 310764.19139941]
 [  63831.08761817]
 [  59354.44676159]
 [  98209.34113147]
 [ 564957.23894204]
 [ 590249.08049244]
 [ 341425.64521476]
 [  54295.67950452]
 [  47467.20744519]
 [  51551.74531501]
 [ 223920.90524684]
 [  60001.97238916]
 [  66582.44472318]
 [ 645183.11166179]
 [  36205.16701913]
 [  92084.67555104]
 [1051412.66874223]
 [  42505.555061  ]
 [  51097.54938399]
 [  69242.1838848 ]
 [1040448.15153275]
 [  55363.43875874]
 [  99336.71710596]
 [  31273.42077861]
 [  79044.30776936]
 [ 186535.74534133]
 [  59405.43676321]
 [1464801.05542506]
 [  60766.41217672]
 [  85834.41184202]]
tax_array: [[  845871.0209659 ]
 [  264452.57956084]
 [ 9030820.29971355]
 [  934603.76805599]
 [  153295.7037423 ]
 [  173341.65153659]
 [  477930.11427934]
 [  345034.65597738]
 [  217124.14138948]
 [  177429.32409119]
 [ 2603304.14428471]
 [ 1057074.64293584]
 [  203431.21529094]
 [ 9000510.85907983]
 [  189178.63057918]
 [  812465.74549767]
 [  510116.72283564]
 [  144869.31718748]
 [  559555.19966317]
 [25228811.74014103]
 [25201031.85950281]
 [10660570.91689195]
 [  253530.98740103]
 [  222941.97371953]
 [  756152.18098906]
 [  335139.44637851]
 [  662023.44166407]
 [  103330.7961042 ]
 [  204252.13632889]
 [25794169.38838376]
 [  413984.39125592]
 [  130667.97378108]
 [25155536.52459287]
 [  871657.01335198]
 [  684548.5117097 ]
 [  784421.45974949]
 [  418563.83754025]
 [ 8944076.21810258]
 [25177459.73829141]
 [  164614.43834004]
 [  139217.74648221]
 [ 5000125.51201861]
 [  783839.84717208]
 [  856653.87439966]
 [  748208.33223669]
 [ 9833875.90811108]
 [24960508.05072134]
 [  170592.92064371]
 [ 2600679.19866228]
 [  245906.43944205]
 [  545487.53709913]
 [ 9880099.53386373]
 [  178629.10569105]
 [  883837.49718864]
 [  339489.50045251]
 [  245603.48179165]
 [  228605.48520835]
 [  922751.38692704]
 [ 9112152.73271426]
 [  979177.67637855]
 [  232190.33636761]
 [  204697.34366219]
 [ 9151470.8008511 ]
 [  836953.33988244]
 [  260845.51219306]
 [  248515.11444993]
 [ 5106448.34532101]
 [  950764.79873945]
 [  177658.7727353 ]
 [  915746.81911088]
 [ 4879256.62232332]
 [  279072.72460125]
 [  258136.81944924]
 [  839822.87540542]
 [ 9823475.59355602]
 [10501898.7855796 ]
 [ 5032564.56569035]
 [  248416.55721917]
 [  217319.89157783]
 [  223923.52432208]
 [ 2729750.48497724]
 [  264045.58041908]
 [  293530.25744249]
 [10809535.07183419]
 [  155935.29373252]
 [  938948.76722556]
 [18633070.87986766]
 [  178600.90672296]
 [  214590.82526869]
 [  516744.63615695]
 [18577234.83175664]
 [  259462.95887338]
 [  960907.15663305]
 [  130713.26595176]
 [  769149.22006091]
 [ 2516049.39426126]
 [  446805.44179666]
 [25244895.45374366]
 [  261185.49857404]
 [  835117.30512878]]
wealth_gini: 0.64295432366822
income_gini: 0.31448246342247077
households_reward: [[-10.04756186]
 [-10.41415903]
 [-29.69356977]
 [-17.16775609]
 [-18.10097315]
 [-17.98110355]
 [-17.50699603]
 [-17.63637901]
 [-17.77233322]
 [-17.96605123]
 [-22.42216497]
 [-16.91010099]
 [-17.83025566]
 [-29.70524382]
 [-17.89769552]
 [-17.30235166]
 [-17.40341333]
 [-18.14187146]
 [-17.4019583 ]
 [-28.79101721]
 [-28.79272604]
 [-35.52086121]
 [-23.41373302]
 [-23.42516124]
 [-23.05111641]
 [-23.35364875]
 [-22.99177366]
 [-24.15682071]
 [-23.50433946]
 [-27.05849366]
 [-19.23210995]
 [-19.73031004]
 [-27.08910523]
 [-18.55254362]
 [-18.72835484]
 [-18.76649315]
 [-18.86400756]
 [-34.19353198]
 [-30.09916139]
 [-19.49802718]
 [-19.72036449]
 [-38.44138573]
 [-22.6391596 ]
 [-22.45708341]
 [-22.57706455]
 [-34.07234747]
 [-30.10904056]
 [-19.47206237]
 [-23.74500323]
 [-19.12899034]
 [-18.77731306]
 [-34.05708416]
 [-22.47038565]
 [-21.46939483]
 [-22.00804465]
 [-22.10905649]
 [-22.17465069]
 [-21.38575994]
 [-34.1319585 ]
 [-21.21875284]
 [-22.10299551]
 [-22.29395951]
 [-34.11771174]
 [-21.58225941]
 [-21.94218107]
 [-21.99128709]
 [-37.20604353]
 [-21.32781992]
 [-22.30933989]
 [-21.56510124]
 [-37.34177989]
 [-21.87348068]
 [-21.94619397]
 [-21.44261968]
 [-34.07582568]
 [-34.0320311 ]
 [-37.24768436]
 [-22.03527636]
 [-22.16968191]
 [-22.08713495]
 [-26.62188159]
 [-21.93534358]
 [-21.83128006]
 [-33.94304155]
 [-22.44051917]
 [-21.50701247]
 [-19.18439614]
 [-20.20317411]
 [-20.01907234]
 [-19.71519861]
 [-19.19487927]
 [-19.93888946]
 [-19.35429362]
 [-20.51004032]
 [-19.58280033]
 [-24.93621447]
 [-19.86842313]
 [-27.05697251]
 [-19.06169583]
 [-18.71631303]]
government_reward: 0.6029533499982112
