government: <entities.government.Government object at 0x7f8a5730cf98>
households: <entities.household.Household object at 0x7f8a5730cd30>
screen: None
alpha: 0.3333333333333333
depreciation_rate: 0.06
interest_rate: 0.04
hours_max: 283720
episode_years: 100
year_per_step: 1
consumption_tax_rate: 0.065
gini_weight: 1
episode_length: 300
step_cnt: 299
xi_max: 0.1
Kt_next: 112205727327257.34
Bt_next: -112205293814686.14
done: False
Kt: 107889212531750.69
workingHours: [[0.523601  ]
 [0.5064556 ]
 [0.47025043]
 [0.5064556 ]
 [0.47025043]
 [0.50974786]
 [0.50132436]
 [0.4656985 ]
 [0.47187614]
 [0.47187614]
 [0.47187614]
 [0.47187614]
 [0.47187614]
 [0.47187614]
 [0.5075034 ]
 [0.47187614]
 [0.5075034 ]
 [0.47187614]
 [0.5075034 ]
 [0.5157668 ]
 [0.49775437]
 [0.45449153]
 [0.45449153]
 [0.48941016]
 [0.48941016]
 [0.48941016]
 [0.48941016]
 [0.45449153]
 [0.48941016]
 [0.45449153]
 [0.48941016]
 [0.45449153]
 [0.45449153]
 [0.48941016]
 [0.45449153]
 [0.45449153]
 [0.49775437]
 [0.45449153]
 [0.48941016]
 [0.48941016]
 [0.45449153]
 [0.48941016]
 [0.48941016]
 [0.49775437]
 [0.48941016]
 [0.48941016]
 [0.45449153]
 [0.45449153]
 [0.48941016]
 [0.48941016]
 [0.48941016]
 [0.5610943 ]
 [0.49799824]
 [0.4624032 ]
 [0.49799824]
 [0.49799824]
 [0.49799824]
 [0.4624032 ]
 [0.49799824]
 [0.49799824]
 [0.4624032 ]
 [0.4624032 ]
 [0.49799824]
 [0.4624032 ]
 [0.4624032 ]
 [0.49799824]
 [0.4624032 ]
 [0.4624032 ]
 [0.49799824]
 [0.4624032 ]
 [0.49799824]
 [0.49799824]
 [0.49799824]
 [0.50574434]
 [0.49799824]
 [0.49799824]
 [0.4624032 ]
 [0.49799824]
 [0.49799824]
 [0.4624032 ]
 [0.4624032 ]
 [0.4624032 ]
 [0.49799824]
 [0.49799824]
 [0.49799824]
 [0.5440262 ]
 [0.44708553]
 [0.49799824]
 [0.50574434]
 [0.60100037]
 [0.528239  ]
 [0.49259686]
 [0.49259686]
 [0.49259686]
 [0.528239  ]
 [0.5359514 ]
 [0.49259686]
 [0.528239  ]
 [0.49259686]
 [0.49259686]]
ht: [[148556.07445478]
 [143691.58290625]
 [133419.45135355]
 [143691.58290625]
 [133419.45135355]
 [144625.66363811]
 [142235.74617147]
 [132127.98137307]
 [133880.69969177]
 [133880.69969177]
 [133880.69969177]
 [133880.69969177]
 [133880.69969177]
 [133880.69969177]
 [143988.86189938]
 [133880.69969177]
 [143988.86189938]
 [133880.69969177]
 [143988.86189938]
 [146333.35633993]
 [141222.86849618]
 [128948.33572507]
 [128948.33572507]
 [138855.45115471]
 [138855.45115471]
 [138855.45115471]
 [138855.45115471]
 [128948.33572507]
 [138855.45115471]
 [128948.33572507]
 [138855.45115471]
 [128948.33572507]
 [128948.33572507]
 [138855.45115471]
 [128948.33572507]
 [128948.33572507]
 [141222.86849618]
 [128948.33572507]
 [138855.45115471]
 [138855.45115471]
 [128948.33572507]
 [138855.45115471]
 [138855.45115471]
 [141222.86849618]
 [138855.45115471]
 [138855.45115471]
 [128948.33572507]
 [128948.33572507]
 [138855.45115471]
 [138855.45115471]
 [138855.45115471]
 [159193.67027283]
 [141292.05997467]
 [131193.03817868]
 [141292.05997467]
 [141292.05997467]
 [141292.05997467]
 [131193.03817868]
 [141292.05997467]
 [141292.05997467]
 [131193.03817868]
 [131193.03817868]
 [141292.05997467]
 [131193.03817868]
 [131193.03817868]
 [141292.05997467]
 [131193.03817868]
 [131193.03817868]
 [141292.05997467]
 [131193.03817868]
 [141292.05997467]
 [141292.05997467]
 [141292.05997467]
 [143489.78358746]
 [141292.05997467]
 [141292.05997467]
 [131193.03817868]
 [141292.05997467]
 [141292.05997467]
 [131193.03817868]
 [131193.03817868]
 [131193.03817868]
 [141292.05997467]
 [141292.05997467]
 [141292.05997467]
 [154351.11232996]
 [126847.10644841]
 [141292.05997467]
 [143489.78358746]
 [170515.82457781]
 [149871.97241783]
 [139759.58245277]
 [139759.58245277]
 [139759.58245277]
 [149871.97241783]
 [152060.12438774]
 [139759.58245277]
 [149871.97241783]
 [139759.58245277]
 [139759.58245277]]
Lt: 23809641.844750557
WageRate: 110.31903675426716
per_household_gdp: 39399851.30665464
GDP: 3939985130.665464
income: [[2.79299681e+07]
 [1.45451380e+07]
 [7.48806989e+06]
 [2.17692074e+07]
 [7.68634394e+06]
 [5.60290759e+07]
 [4.23023616e+07]
 [6.62908769e+06]
 [5.11349713e+06]
 [2.84413763e+06]
 [4.79493745e+06]
 [6.94584713e+06]
 [8.29746102e+06]
 [3.30941837e+06]
 [3.43724315e+07]
 [5.50526604e+06]
 [2.92146349e+07]
 [4.64971099e+06]
 [1.96213728e+07]
 [7.54094859e+07]
 [9.36815567e+07]
 [8.68593247e+06]
 [6.72414259e+06]
 [4.65525340e+07]
 [2.52208718e+07]
 [1.70632338e+07]
 [1.48928309e+07]
 [4.11103609e+06]
 [1.52726549e+07]
 [1.26139200e+07]
 [1.57772081e+07]
 [8.03121107e+06]
 [5.66312311e+06]
 [2.98048953e+07]
 [5.71718695e+06]
 [8.89710296e+06]
 [5.27051118e+07]
 [9.33739349e+06]
 [4.11606711e+07]
 [3.05160254e+07]
 [5.91085506e+06]
 [5.15346635e+07]
 [4.02228965e+07]
 [8.16392617e+07]
 [2.59830855e+07]
 [2.26012366e+07]
 [4.31332943e+06]
 [7.94125307e+06]
 [2.17727996e+07]
 [4.68453253e+07]
 [2.55171537e+07]
 [1.64872285e+08]
 [4.18459118e+07]
 [5.19238108e+06]
 [1.92369880e+07]
 [3.02208461e+07]
 [2.88340774e+07]
 [7.03977049e+06]
 [2.18972639e+07]
 [1.76523291e+07]
 [4.41549469e+06]
 [5.08311562e+06]
 [1.48927616e+07]
 [3.81121555e+06]
 [7.11104765e+06]
 [1.99080023e+07]
 [9.60815113e+06]
 [5.80572343e+06]
 [3.64815602e+07]
 [1.01078332e+07]
 [1.93244422e+07]
 [2.58754876e+07]
 [1.77705222e+07]
 [7.43656038e+07]
 [4.88751251e+07]
 [2.46870056e+07]
 [9.34720659e+06]
 [2.39247292e+07]
 [2.05581431e+07]
 [4.32722370e+06]
 [8.73685752e+06]
 [5.10770164e+06]
 [1.49408991e+07]
 [1.93367549e+07]
 [4.76688245e+07]
 [1.23361439e+08]
 [2.41067228e+06]
 [2.99594391e+07]
 [7.16086411e+07]
 [1.49536712e+08]
 [3.34851916e+07]
 [1.20365773e+07]
 [1.61494727e+07]
 [1.07014273e+07]
 [7.16251928e+07]
 [5.57806935e+07]
 [7.91156235e+06]
 [5.43879014e+07]
 [4.34485771e+06]
 [1.05052356e+07]]
display_mode: False
olg_GDP: 31439062.637654163
old_per_gdp: 39175615.327884324
valid_action_dict: {'government': array([ 0.23773995, -0.09769572,  0.08719064, -0.05962341, -0.21545827,
       -0.19234918], dtype=float32), 'Household': array([[ 0.0341108 ,  0.047202  ],
       [-0.00611652,  0.01291125],
       [-0.04239783, -0.05949916],
       [-0.00611652,  0.01291125],
       [-0.04239783, -0.05949916],
       [ 0.00124805,  0.01949573],
       [-0.01427495,  0.00264869],
       [-0.05092017, -0.06860298],
       [-0.03127677, -0.05624774],
       [-0.03127677, -0.05624774],
       [-0.03127677, -0.05624774],
       [-0.03127677, -0.05624774],
       [-0.03127677, -0.05624774],
       [-0.03127677, -0.05624774],
       [ 0.00456229,  0.01500681],
       [-0.03127677, -0.05624774],
       [ 0.00456229,  0.01500681],
       [-0.03127677, -0.05624774],
       [ 0.00456229,  0.01500681],
       [ 0.0187355 ,  0.03153365],
       [ 0.00104407, -0.00449128],
       [-0.04839512, -0.09101695],
       [-0.04839512, -0.09101695],
       [-0.01292237, -0.02117969],
       [-0.01292237, -0.02117969],
       [-0.01292237, -0.02117969],
       [-0.01292237, -0.02117969],
       [-0.04839512, -0.09101695],
       [-0.01292237, -0.02117969],
       [-0.04839512, -0.09101695],
       [-0.01292237, -0.02117969],
       [-0.04839512, -0.09101695],
       [-0.04839512, -0.09101695],
       [-0.01292237, -0.02117969],
       [-0.04839512, -0.09101695],
       [-0.04839512, -0.09101695],
       [ 0.00104407, -0.00449128],
       [-0.04839512, -0.09101695],
       [-0.01292237, -0.02117969],
       [-0.01292237, -0.02117969],
       [-0.04839512, -0.09101695],
       [-0.01292237, -0.02117969],
       [-0.01292237, -0.02117969],
       [ 0.00104407, -0.00449128],
       [-0.01292237, -0.02117969],
       [-0.01292237, -0.02117969],
       [-0.04839512, -0.09101695],
       [-0.04839512, -0.09101695],
       [-0.01292237, -0.02117969],
       [-0.01292237, -0.02117969],
       [-0.01292237, -0.02117969],
       [ 0.05309195,  0.12218862],
       [ 0.00056954, -0.00400351],
       [-0.03620167, -0.07519356],
       [ 0.00056954, -0.00400351],
       [ 0.00056954, -0.00400351],
       [ 0.00056954, -0.00400351],
       [-0.03620167, -0.07519356],
       [ 0.00056954, -0.00400351],
       [ 0.00056954, -0.00400351],
       [-0.03620167, -0.07519356],
       [-0.03620167, -0.07519356],
       [ 0.00056954, -0.00400351],
       [-0.03620167, -0.07519356],
       [-0.03620167, -0.07519356],
       [ 0.00056954, -0.00400351],
       [-0.03620167, -0.07519356],
       [-0.03620167, -0.07519356],
       [ 0.00056954, -0.00400351],
       [-0.03620167, -0.07519356],
       [ 0.00056954, -0.00400351],
       [ 0.00056954, -0.00400351],
       [ 0.00056954, -0.00400351],
       [ 0.01415966,  0.01148873],
       [ 0.00056954, -0.00400351],
       [ 0.00056954, -0.00400351],
       [-0.03620167, -0.07519356],
       [ 0.00056954, -0.00400351],
       [ 0.00056954, -0.00400351],
       [-0.03620167, -0.07519356],
       [-0.03620167, -0.07519356],
       [-0.03620167, -0.07519356],
       [ 0.00056954, -0.00400351],
       [ 0.00056954, -0.00400351],
       [ 0.00056954, -0.00400351],
       [ 0.07904474,  0.08805235],
       [ 0.01631345, -0.10582894],
       [ 0.00056954, -0.00400351],
       [ 0.01415966,  0.01148873],
       [ 0.0459837 ,  0.2020007 ],
       [ 0.00753763,  0.05647806],
       [-0.02945805, -0.01480624],
       [-0.02945805, -0.01480624],
       [-0.02945805, -0.01480624],
       [ 0.00753763,  0.05647806],
       [ 0.02228775,  0.07190279],
       [-0.02945805, -0.01480624],
       [ 0.00753763,  0.05647806],
       [-0.02945805, -0.01480624],
       [-0.02945805, -0.01480624]], dtype=float32)}
Bt: -107888783044185.77
Gt_prob: 0.39227086305618286
Bt2At: 0.40382540225982666
mean_saving_p: 0.7462567090988159
post_income: [[ 5143533.5923377 ]
 [ 2758623.92977633]
 [ 1463367.55868789]
 [ 4054305.57753525]
 [ 1500345.54599275]
 [ 9999178.71076885]
 [ 7645779.04935852]
 [ 1302640.63054387]
 [ 1016658.20499546]
 [  580632.64342305]
 [  956093.1274376 ]
 [ 1362013.8563988 ]
 [ 1614052.7685625 ]
 [  671017.55830512]
 [ 6270969.93661457]
 [ 1090909.83500648]
 [ 5369211.38912297]
 [  928422.83421128]
 [ 3671457.8275086 ]
 [13278726.40927311]
 [16335537.15912931]
 [ 1686135.46128147]
 [ 1320470.8443528 ]
 [ 8377696.51360437]
 [ 4666059.86990386]
 [ 3212976.49069045]
 [ 2821558.48517838]
 [  825436.48983679]
 [ 2890233.28262178]
 [ 2407775.01917499]
 [ 2981341.2176744 ]
 [ 1564561.24428654]
 [ 1120760.04060984]
 [ 5472751.36974731]
 [ 1130974.63868777]
 [ 1725257.72282494]
 [ 9431958.95005331]
 [ 1806694.16167285]
 [ 7448617.00572383]
 [ 5597370.94443499]
 [ 1167530.02902726]
 [ 9231847.67570296]
 [ 7286485.44004988]
 [14324327.79976168]
 [ 4800622.60170748]
 [ 4202146.1821007 ]
 [  864179.26104487]
 [ 1547822.90232234]
 [ 4054944.40599276]
 [ 8428003.57342651]
 [ 4718387.57233986]
 [28025378.30513689]
 [ 7566982.50862124]
 [ 1031629.04769918]
 [ 3602747.8971875 ]
 [ 5545659.33584864]
 [ 5302406.30893413]
 [ 1379595.07690534]
 [ 4077075.89973947]
 [ 3318816.15250728]
 [  883714.34227609]
 [ 1010889.53713267]
 [ 2821545.93933365]
 [  767855.72260368]
 [ 1392930.15646227]
 [ 3722654.12700769]
 [ 1856687.17756016]
 [ 1147692.96383409]
 [ 6637905.20080629]
 [ 1948783.62947645]
 [ 3618385.99537234]
 [ 4781637.97186667]
 [ 3340031.9104475 ]
 [13103148.80953449]
 [ 8776376.35766888]
 [ 4571701.04087677]
 [ 1808507.19495191]
 [ 4436811.41389631]
 [ 3838656.52045525]
 [  866837.20782062]
 [ 1695573.92056875]
 [ 1015557.9098663 ]
 [ 2830253.87279951]
 [ 3620587.43287543]
 [ 8569420.50402255]
 [21245469.73409171]
 [  495825.48776449]
 [ 5499845.1736533 ]
 [12638897.37501764]
 [25530806.27973633]
 [ 6116312.22433845]
 [ 2302431.94845677]
 [ 3048477.14669738]
 [ 2057923.09890777]
 [12641686.93515657]
 [ 9956846.95706214]
 [ 1542296.52410269]
 [ 9719315.09047538]
 [  870210.00727924]
 [ 2021881.85446952]]
consumption: [[1392676.11746224]
 [ 827392.82138942]
 [ 448554.19262475]
 [1184873.4690723 ]
 [ 461003.09124355]
 [2814525.73672095]
 [2127249.01845063]
 [ 391888.80906171]
 [ 308684.18729478]
 [ 175580.6482995 ]
 [ 293770.98917523]
 [ 407427.27678963]
 [ 464396.04157094]
 [ 200744.24490205]
 [1823628.55451823]
 [ 322019.41865489]
 [1552005.87588682]
 [ 268113.37943454]
 [1053084.90096331]
 [3642468.592408  ]
 [4578516.62512712]
 [ 496996.23633779]
 [ 393699.28345136]
 [2331796.41656056]
 [1340979.56633271]
 [1003883.60026975]
 [ 828308.84432232]
 [ 251588.83990746]
 [ 825552.09623285]
 [ 715473.16262389]
 [ 895576.49105539]
 [ 469436.65833139]
 [ 341201.31234464]
 [1658330.67465443]
 [ 351344.2301884 ]
 [ 512063.96639908]
 [2692989.77777994]
 [ 560049.54090772]
 [2144697.46560284]
 [1609978.07795774]
 [ 357930.13883684]
 [2525017.74863324]
 [2001186.30394651]
 [3885513.96471331]
 [1338054.66074071]
 [1287684.44363426]
 [ 260686.72792086]
 [ 471890.90204885]
 [1292616.53040866]
 [2356839.91413026]
 [1333440.42510867]
 [7492747.29994292]
 [2180944.655008  ]
 [ 295631.26103474]
 [1045317.15477318]
 [1534372.85226291]
 [1517078.0635805 ]
 [ 423188.03856838]
 [1131716.85872824]
 [ 966887.63076385]
 [ 260557.34371177]
 [ 322543.16887979]
 [ 834372.61443574]
 [ 229308.28503143]
 [ 414586.38729888]
 [1042307.30580183]
 [ 560782.01105262]
 [ 330486.62135919]
 [1808654.92915061]
 [ 583495.50986837]
 [ 979981.99906552]
 [1292476.19970496]
 [ 959721.48555824]
 [3552537.9986206 ]
 [2427757.68309807]
 [1296029.48403674]
 [ 513626.60907969]
 [1314448.34133631]
 [1043295.04708453]
 [ 257325.01060034]
 [ 537825.60280824]
 [ 305782.45124844]
 [ 831768.64236996]
 [1082832.41820719]
 [2404521.95517   ]
 [5708740.78181573]
 [ 134509.19631145]
 [1488672.22267355]
 [3401821.22680934]
 [7171217.36990477]
 [1671237.87837806]
 [ 668943.77621139]
 [ 848530.78539028]
 [ 585867.54551545]
 [3338449.02414211]
 [2768451.096676  ]
 [ 442310.88885547]
 [2666859.66172594]
 [ 261194.93510206]
 [ 616022.19860014]]
tax_array: [[2.61536828e+07]
 [1.42373995e+07]
 [7.19117844e+06]
 [2.09423279e+07]
 [7.39887954e+06]
 [5.30933732e+07]
 [3.90927183e+07]
 [6.21667578e+06]
 [4.89343435e+06]
 [2.69318701e+06]
 [4.63114580e+06]
 [6.58854214e+06]
 [7.63764402e+06]
 [3.11165760e+06]
 [3.33905709e+07]
 [5.15059678e+06]
 [2.81869699e+07]
 [4.26396272e+06]
 [1.87271545e+07]
 [7.11924137e+07]
 [8.89117756e+07]
 [8.05047497e+06]
 [6.27260889e+06]
 [4.31237115e+07]
 [2.38309468e+07]
 [1.72279466e+07]
 [1.42400894e+07]
 [3.88289647e+06]
 [1.42791102e+07]
 [1.18193145e+07]
 [1.53902297e+07]
 [7.54678191e+06]
 [5.36416818e+06]
 [2.94969142e+07]
 [5.50847955e+06]
 [8.29560314e+06]
 [5.04984835e+07]
 [9.03220424e+06]
 [3.91582761e+07]
 [2.89138161e+07]
 [5.63441065e+06]
 [4.71160441e+07]
 [3.68025684e+07]
 [7.53254417e+07]
 [2.39489799e+07]
 [2.25137509e+07]
 [4.04145637e+06]
 [7.56104263e+06]
 [2.24290569e+07]
 [4.35645814e+07]
 [2.37822695e+07]
 [1.58158756e+08]
 [4.02966560e+07]
 [4.71979943e+06]
 [1.84717642e+07]
 [2.80366607e+07]
 [2.74869032e+07]
 [6.79373238e+06]
 [2.02982012e+07]
 [1.69921469e+07]
 [4.10020621e+06]
 [5.05243949e+06]
 [1.44892037e+07]
 [3.57029256e+06]
 [6.69252697e+06]
 [1.85661978e+07]
 [9.18588679e+06]
 [5.30502751e+06]
 [3.34919207e+07]
 [9.59920487e+06]
 [1.75351653e+07]
 [2.35160814e+07]
 [1.69107845e+07]
 [6.92614994e+07]
 [4.55652686e+07]
 [2.33149936e+07]
 [8.49232687e+06]
 [2.34366798e+07]
 [1.87200653e+07]
 [4.03986283e+06]
 [8.69665790e+06]
 [4.83458486e+06]
 [1.44606946e+07]
 [1.90497345e+07]
 [4.49530323e+07]
 [1.21283751e+08]
 [2.16582550e+06]
 [2.73006088e+07]
 [6.62734562e+07]
 [1.48455442e+08]
 [3.09586963e+07]
 [1.12318801e+07]
 [1.46007726e+07]
 [9.80810288e+06]
 [6.49282921e+07]
 [5.32495061e+07]
 [7.26958726e+06]
 [5.07130322e+07]
 [4.11602654e+06]
 [1.01832136e+07]]
wealth_gini: 0.48931772980815325
income_gini: 0.49049428594330924
households_reward: [[-2.92862806e+00]
 [-1.82625187e+00]
 [ 6.44168645e-01]
 [-1.46714018e+00]
 [ 6.71543889e-01]
 [-9.05292740e-01]
 [-4.17016327e-01]
 [ 8.64856706e-01]
 [ 1.41723721e-01]
 [-4.22496514e-01]
 [ 9.22055299e-02]
 [ 4.19267469e-01]
 [ 5.50142740e-01]
 [-2.88563301e-01]
 [-1.13205275e+00]
 [ 1.84016865e-01]
 [-1.29333277e+00]
 [ 8.14963095e-04]
 [-1.68115712e+00]
 [-1.21215167e+00]
 [ 6.67434751e-01]
 [ 1.94909400e+00]
 [ 1.71609892e+00]
 [ 7.18143141e-01]
 [ 1.64904543e-01]
 [-1.24619745e-01]
 [-3.16865017e-01]
 [ 1.26830771e+00]
 [-3.20198732e-01]
 [ 2.31345563e+00]
 [-2.38783467e-01]
 [ 1.89204492e+00]
 [ 1.57298421e+00]
 [ 3.77315655e-01]
 [ 1.60227800e+00]
 [ 1.97896109e+00]
 [ 1.36711704e-01]
 [ 2.06853679e+00]
 [ 6.34502677e-01]
 [ 3.47724739e-01]
 [ 1.62084937e+00]
 [ 7.97752269e-01]
 [ 5.65244333e-01]
 [ 5.03314956e-01]
 [ 1.62720990e-01]
 [ 1.24349777e-01]
 [ 1.30383095e+00]
 [ 1.89725936e+00]
 [ 1.28172659e-01]
 [ 7.28825879e-01]
 [ 1.59266565e-01]
 [-5.18297805e+00]
 [-9.57544534e-02]
 [ 8.36223236e-01]
 [-8.31192228e-01]
 [-4.47390832e-01]
 [-4.58726406e-01]
 [ 1.19492691e+00]
 [-7.51776741e-01]
 [-9.09185559e-01]
 [ 7.09933264e-01]
 [ 9.23347282e-01]
 [-1.05658776e+00]
 [ 5.82177619e-01]
 [ 1.17439166e+00]
 [-8.34075745e-01]
 [ 1.47644256e+00]
 [ 9.47676476e-01]
 [-2.82929128e-01]
 [ 1.51614705e+00]
 [-8.95733640e-01]
 [-6.18952651e-01]
 [-9.16624720e-01]
 [-3.04102077e-01]
 [ 1.14555029e-02]
 [-6.16207217e-01]
 [ 1.38860686e+00]
 [-6.02095499e-01]
 [-8.33128545e-01]
 [ 6.97450216e-01]
 [ 1.43464465e+00]
 [ 8.69984203e-01]
 [-1.05971352e+00]
 [-7.95932347e-01]
 [ 1.83854828e-03]
 [-3.59510523e+00]
 [ 1.17921159e+00]
 [-4.77627967e-01]
 [-3.47453411e-01]
 [-1.00365902e+01]
 [-3.20407855e+00]
 [-8.04709865e-01]
 [-5.66903514e-01]
 [-9.37316148e-01]
 [-2.51213682e+00]
 [-3.47858161e+00]
 [-1.21839688e+00]
 [-2.73674153e+00]
 [-1.74514287e+00]
 [-8.87126881e-01]]
government_reward: 0.005723866157392798
