government: <entities.government.Government object at 0x7f53a46bc470>
households: <entities.household.Household object at 0x7f5269896b70>
screen: None
alpha: 0.3333333333333333
depreciation_rate: 0.06
interest_rate: 0.04
hours_max: 283720
episode_years: 100
year_per_step: 1
consumption_tax_rate: 0.065
gini_weight: 1
episode_length: 300
step_cnt: 100
xi_max: 0.1
Kt_next: 8824741821.289223
Bt_next: -7421430739.551479
done: False
Kt: 8495577918.513439
workingHours: [[0.33333333]
 [0.33333333]
 [0.33333333]
 [0.33333333]
 [0.33333333]
 [0.33333333]
 [0.33333333]
 [0.33333333]
 [0.33333333]
 [0.33333333]
 [0.33333333]
 [0.33333333]
 [0.33333333]
 [0.33333333]
 [0.33333333]
 [0.33333333]
 [0.33333333]
 [0.33333333]
 [0.33333333]
 [0.33333333]
 [0.33333333]
 [0.33333333]
 [0.33333333]
 [0.33333333]
 [0.33333333]
 [0.33333333]
 [0.33333333]
 [0.33333333]
 [0.33333333]
 [0.33333333]
 [0.33333333]
 [0.33333333]
 [0.33333333]
 [0.33333333]
 [0.33333333]
 [0.33333333]
 [0.33333333]
 [0.33333333]
 [0.33333333]
 [0.33333333]
 [0.33333333]
 [0.33333333]
 [0.33333333]
 [0.33333333]
 [0.33333333]
 [0.33333333]
 [0.33333333]
 [0.33333333]
 [0.33333333]
 [0.33333333]
 [0.33333333]
 [0.33333333]
 [0.33333333]
 [0.33333333]
 [0.33333333]
 [0.33333333]
 [0.33333333]
 [0.33333333]
 [0.33333333]
 [0.33333333]
 [0.33333333]
 [0.33333333]
 [0.33333333]
 [0.33333333]
 [0.33333333]
 [0.33333333]
 [0.33333333]
 [0.33333333]
 [0.33333333]
 [0.33333333]
 [0.33333333]
 [0.33333333]
 [0.33333333]
 [0.33333333]
 [0.33333333]
 [0.33333333]
 [0.33333333]
 [0.33333333]
 [0.33333333]
 [0.33333333]
 [0.33333333]
 [0.33333333]
 [0.33333333]
 [0.33333333]
 [0.33333333]
 [0.33333333]
 [0.33333333]
 [0.33333333]
 [0.33333333]
 [0.33333333]
 [0.33333333]
 [0.33333333]
 [0.33333333]
 [0.33333333]
 [0.33333333]
 [0.33333333]
 [0.33333333]
 [0.33333333]
 [0.33333333]
 [0.33333333]]
ht: [[94573.33333333]
 [94573.33333333]
 [94573.33333333]
 [94573.33333333]
 [94573.33333333]
 [94573.33333333]
 [94573.33333333]
 [94573.33333333]
 [94573.33333333]
 [94573.33333333]
 [94573.33333333]
 [94573.33333333]
 [94573.33333333]
 [94573.33333333]
 [94573.33333333]
 [94573.33333333]
 [94573.33333333]
 [94573.33333333]
 [94573.33333333]
 [94573.33333333]
 [94573.33333333]
 [94573.33333333]
 [94573.33333333]
 [94573.33333333]
 [94573.33333333]
 [94573.33333333]
 [94573.33333333]
 [94573.33333333]
 [94573.33333333]
 [94573.33333333]
 [94573.33333333]
 [94573.33333333]
 [94573.33333333]
 [94573.33333333]
 [94573.33333333]
 [94573.33333333]
 [94573.33333333]
 [94573.33333333]
 [94573.33333333]
 [94573.33333333]
 [94573.33333333]
 [94573.33333333]
 [94573.33333333]
 [94573.33333333]
 [94573.33333333]
 [94573.33333333]
 [94573.33333333]
 [94573.33333333]
 [94573.33333333]
 [94573.33333333]
 [94573.33333333]
 [94573.33333333]
 [94573.33333333]
 [94573.33333333]
 [94573.33333333]
 [94573.33333333]
 [94573.33333333]
 [94573.33333333]
 [94573.33333333]
 [94573.33333333]
 [94573.33333333]
 [94573.33333333]
 [94573.33333333]
 [94573.33333333]
 [94573.33333333]
 [94573.33333333]
 [94573.33333333]
 [94573.33333333]
 [94573.33333333]
 [94573.33333333]
 [94573.33333333]
 [94573.33333333]
 [94573.33333333]
 [94573.33333333]
 [94573.33333333]
 [94573.33333333]
 [94573.33333333]
 [94573.33333333]
 [94573.33333333]
 [94573.33333333]
 [94573.33333333]
 [94573.33333333]
 [94573.33333333]
 [94573.33333333]
 [94573.33333333]
 [94573.33333333]
 [94573.33333333]
 [94573.33333333]
 [94573.33333333]
 [94573.33333333]
 [94573.33333333]
 [94573.33333333]
 [94573.33333333]
 [94573.33333333]
 [94573.33333333]
 [94573.33333333]
 [94573.33333333]
 [94573.33333333]
 [94573.33333333]
 [94573.33333333]]
Lt: 14776739.216328248
WageRate: 5.543450584327538
per_household_gdp: 1228711.8546481582
GDP: 122871185.46481583
income: [[3322107.92874981]
 [ 430728.60007904]
 [ 241168.77421362]
 [3080997.97198493]
 [ 654093.02241063]
 [ 325902.36184115]
 [ 850014.52429412]
 [ 469402.3788009 ]
 [ 169891.60011598]
 [1612761.56026216]
 [ 886066.86615161]
 [1540858.83210928]
 [ 628074.85498526]
 [3356742.0291278 ]
 [ 730127.92251326]
 [ 822443.51566335]
 [ 454661.7255348 ]
 [1141701.11054709]
 [1645823.58146336]
 [1094255.24659474]
 [ 390254.30882234]
 [ 883937.43787944]
 [3218920.26603661]
 [ 482433.50554421]
 [ 162799.63537554]
 [1598122.62218764]
 [ 151227.47290351]
 [ 563080.68284925]
 [ 261436.14120433]
 [2182582.0369304 ]
 [2431527.12612535]
 [1019799.0745685 ]
 [ 562015.61441067]
 [ 368892.57888955]
 [ 681731.36440824]
 [ 884865.97323623]
 [2736496.05367077]
 [1165441.16393411]
 [1888108.45689518]
 [ 737298.34757264]
 [ 258443.54412438]
 [1013016.80894231]
 [2291466.40285896]
 [ 241135.95546288]
 [ 808519.27557021]
 [ 862129.89080664]
 [2971659.27217018]
 [ 944943.03401464]
 [ 664821.11110946]
 [2646325.31663031]
 [ 751316.59139874]
 [ 327158.44136317]
 [ 729857.72440777]
 [ 384405.27635972]
 [3287063.02630301]
 [1517286.41594645]
 [ 353200.71983026]
 [ 509870.76882593]
 [ 922843.85943363]
 [ 886623.05817846]
 [7014588.85427364]
 [1381549.95994588]
 [ 687701.35719285]
 [ 231253.98354046]
 [ 393615.38682287]
 [ 532522.95860608]
 [1683739.02136185]
 [2354362.21290014]
 [1402491.3459524 ]
 [1930565.32733762]
 [ 957559.16545656]
 [ 371893.74844682]
 [1870622.339679  ]
 [1080851.77452325]
 [9163732.06066283]
 [ 754591.62564759]
 [1026298.88219042]
 [ 401343.3187819 ]
 [1970888.65602266]
 [ 430998.78743764]
 [1509153.35008896]
 [2568765.89921871]
 [ 440388.6536096 ]
 [1351426.80084474]
 [ 395414.06071224]
 [1087910.8688656 ]
 [2566475.4941397 ]
 [1265119.20055214]
 [ 563017.83814121]
 [2857616.49581387]
 [ 790589.77000325]
 [3885078.88421841]
 [ 668220.88435339]
 [ 593349.71110548]
 [ 310503.34730099]
 [1627778.81543484]
 [ 798538.51286753]
 [3838309.30468314]
 [ 470131.60625664]
 [5785059.07075339]]
display_mode: False
olg_GDP: 31439062.637654163
old_per_gdp: 1209412.3756538806
valid_action_dict: {'government': array([-0.474, -0.902, -1.   , -1.   , -0.622,  0.6  ]), 'Household': array([[ 0.8       , -0.33333333],
       [ 0.8       , -0.33333333],
       [ 0.8       , -0.33333333],
       [ 0.8       , -0.33333333],
       [ 0.8       , -0.33333333],
       [ 0.8       , -0.33333333],
       [ 0.8       , -0.33333333],
       [ 0.8       , -0.33333333],
       [ 0.8       , -0.33333333],
       [ 0.8       , -0.33333333],
       [ 0.8       , -0.33333333],
       [ 0.8       , -0.33333333],
       [ 0.8       , -0.33333333],
       [ 0.8       , -0.33333333],
       [ 0.8       , -0.33333333],
       [ 0.8       , -0.33333333],
       [ 0.8       , -0.33333333],
       [ 0.8       , -0.33333333],
       [ 0.8       , -0.33333333],
       [ 0.8       , -0.33333333],
       [ 0.8       , -0.33333333],
       [ 0.8       , -0.33333333],
       [ 0.8       , -0.33333333],
       [ 0.8       , -0.33333333],
       [ 0.8       , -0.33333333],
       [ 0.8       , -0.33333333],
       [ 0.8       , -0.33333333],
       [ 0.8       , -0.33333333],
       [ 0.8       , -0.33333333],
       [ 0.8       , -0.33333333],
       [ 0.8       , -0.33333333],
       [ 0.8       , -0.33333333],
       [ 0.8       , -0.33333333],
       [ 0.8       , -0.33333333],
       [ 0.8       , -0.33333333],
       [ 0.8       , -0.33333333],
       [ 0.8       , -0.33333333],
       [ 0.8       , -0.33333333],
       [ 0.8       , -0.33333333],
       [ 0.8       , -0.33333333],
       [ 0.8       , -0.33333333],
       [ 0.8       , -0.33333333],
       [ 0.8       , -0.33333333],
       [ 0.8       , -0.33333333],
       [ 0.8       , -0.33333333],
       [ 0.8       , -0.33333333],
       [ 0.8       , -0.33333333],
       [ 0.8       , -0.33333333],
       [ 0.8       , -0.33333333],
       [ 0.8       , -0.33333333],
       [ 0.8       , -0.33333333],
       [ 0.8       , -0.33333333],
       [ 0.8       , -0.33333333],
       [ 0.8       , -0.33333333],
       [ 0.8       , -0.33333333],
       [ 0.8       , -0.33333333],
       [ 0.8       , -0.33333333],
       [ 0.8       , -0.33333333],
       [ 0.8       , -0.33333333],
       [ 0.8       , -0.33333333],
       [ 0.8       , -0.33333333],
       [ 0.8       , -0.33333333],
       [ 0.8       , -0.33333333],
       [ 0.8       , -0.33333333],
       [ 0.8       , -0.33333333],
       [ 0.8       , -0.33333333],
       [ 0.8       , -0.33333333],
       [ 0.8       , -0.33333333],
       [ 0.8       , -0.33333333],
       [ 0.8       , -0.33333333],
       [ 0.8       , -0.33333333],
       [ 0.8       , -0.33333333],
       [ 0.8       , -0.33333333],
       [ 0.8       , -0.33333333],
       [ 0.8       , -0.33333333],
       [ 0.8       , -0.33333333],
       [ 0.8       , -0.33333333],
       [ 0.8       , -0.33333333],
       [ 0.8       , -0.33333333],
       [ 0.8       , -0.33333333],
       [ 0.8       , -0.33333333],
       [ 0.8       , -0.33333333],
       [ 0.8       , -0.33333333],
       [ 0.8       , -0.33333333],
       [ 0.8       , -0.33333333],
       [ 0.8       , -0.33333333],
       [ 0.8       , -0.33333333],
       [ 0.8       , -0.33333333],
       [ 0.8       , -0.33333333],
       [ 0.8       , -0.33333333],
       [ 0.8       , -0.33333333],
       [ 0.8       , -0.33333333],
       [ 0.8       , -0.33333333],
       [ 0.8       , -0.33333333],
       [ 0.8       , -0.33333333],
       [ 0.8       , -0.33333333],
       [ 0.8       , -0.33333333],
       [ 0.8       , -0.33333333],
       [ 0.8       , -0.33333333],
       [ 0.8       , -0.33333333]])}
Bt: -7113058507.084431
Gt_prob: 0.189
Bt2At: 0.8
mean_saving_p: 0.95
post_income: [[2285912.33967065]
 [ 299362.13881361]
 [ 168092.54952503]
 [2120789.60550181]
 [ 453673.74266649]
 [ 226816.23683437]
 [ 588806.93857179]
 [ 326103.51189982]
 [ 118616.42374438]
 [1113663.10355146]
 [ 613655.55863049]
 [1064249.79624676]
 [ 435714.39922481]
 [2309626.37253812]
 [ 506138.13950895]
 [ 569800.49567054]
 [ 315912.26282371]
 [ 789716.4384867 ]
 [1136380.47761221]
 [ 757055.49815192]
 [ 271363.14548073]
 [ 612188.01684092]
 [2215252.32334   ]
 [ 335111.53759497]
 [ 113688.64429692]
 [1103603.75966377]
 [ 105645.56403552]
 [ 390835.13092499]
 [ 182146.69469606]
 [1504909.49510496]
 [1675672.23179187]
 [ 705786.99801424]
 [ 390099.48434382]
 [ 256580.04118859]
 [ 472747.59877485]
 [ 612827.93929682]
 [1884748.18234525]
 [ 806056.18065736]
 [1302792.25210321]
 [ 511084.33547287]
 [ 180071.86301586]
 [ 701116.02182729]
 [1579609.36390709]
 [ 168069.78721655]
 [ 560200.45466482]
 [ 597157.8670015 ]
 [2045889.05311653]
 [ 654224.64748269]
 [ 461077.90365476]
 [1822942.79884419]
 [ 520753.5131876 ]
 [ 227686.13096136]
 [ 505951.75083165]
 [ 267315.80311066]
 [2261915.79670843]
 [1048047.82298596]
 [ 245718.03628109]
 [ 354074.2316526 ]
 [ 638998.53149991]
 [ 614038.86760986]
 [4809030.9439089 ]
 [ 954727.78079212]
 [ 476867.12525105]
 [ 161215.18537512]
 [ 273688.76860808]
 [ 369726.04062939]
 [1162429.95308948]
 [1622750.91002221]
 [ 969127.99877588]
 [1331942.29417378]
 [ 662916.25410723]
 [ 258657.20896983]
 [1290785.70232197]
 [ 747827.52744929]
 [6274209.11402888]
 [ 523012.36203044]
 [ 710263.30127826]
 [ 279035.57144471]
 [1359624.57939148]
 [ 299549.0022142 ]
 [1042457.456761  ]
 [1769773.29979245]
 [ 306042.74292198]
 [ 934011.89168064]
 [ 274933.28095654]
 [ 752687.61492182]
 [1768203.0343078 ]
 [ 874644.89276152]
 [ 390791.72404971]
 [1967751.65577446]
 [ 547837.79565853]
 [2671237.75101456]
 [ 463424.1886004 ]
 [ 411739.25489681]
 [ 216150.34007344]
 [1123981.9482772 ]
 [ 553318.73900442]
 [2639237.32537488]
 [ 326607.63694682]
 [3969842.26609378]]
consumption: [[1568551.04003665]
 [ 228069.14727111]
 [ 162760.95711601]
 [1344261.4663181 ]
 [ 568134.86219915]
 [ 272292.76619903]
 [ 545320.50996897]
 [ 227604.36276545]
 [ 142019.75317081]
 [1213160.26081298]
 [ 693701.88611371]
 [ 619195.78718203]
 [ 355444.16109229]
 [2212208.33188433]
 [ 495805.87692991]
 [ 672015.04106441]
 [ 360595.98202448]
 [ 907004.70125724]
 [ 645876.54903682]
 [1071264.5429852 ]
 [ 209852.42059514]
 [ 326044.57412046]
 [1828501.26113861]
 [ 261679.07182318]
 [ 112152.63688658]
 [1392882.78465615]
 [  98969.37215161]
 [ 238306.42593215]
 [ 158773.03435925]
 [ 955342.79559302]
 [1815832.05446237]
 [ 585223.06318478]
 [ 400303.00182923]
 [ 219350.41537076]
 [ 394542.19273424]
 [ 446153.95882744]
 [1172159.70322742]
 [ 961660.29356422]
 [ 646495.80521868]
 [ 517238.66361898]
 [ 159052.58731135]
 [ 663318.23708084]
 [ 840169.42166037]
 [ 159248.04486393]
 [ 443843.93601339]
 [ 516154.85939289]
 [1185501.67859241]
 [ 523134.46466512]
 [ 451709.19223151]
 [ 920996.50059775]
 [ 272943.56270971]
 [ 243517.01739005]
 [ 344836.33037847]
 [ 241637.59899117]
 [1595508.24085133]
 [ 556422.01754999]
 [ 303178.30112391]
 [ 481588.09042436]
 [ 740017.0559766 ]
 [ 336259.34001374]
 [2890689.65572336]
 [ 699495.44919565]
 [ 396876.70702721]
 [ 120259.20120063]
 [ 351831.85358272]
 [ 412707.89317366]
 [ 774463.90163627]
 [ 938740.38932044]
 [ 682415.48432208]
 [ 895996.3192877 ]
 [ 575744.76272355]
 [ 225513.79847837]
 [ 707590.40030122]
 [1020248.77907485]
 [2904159.0115521 ]
 [ 577079.41566487]
 [ 781181.99959691]
 [ 298130.22436025]
 [1044164.8211529 ]
 [ 310870.66080011]
 [ 622380.86835677]
 [1062000.30158459]
 [ 178106.09447696]
 [ 569054.51971566]
 [ 306275.20758853]
 [ 815943.06164886]
 [ 833246.62494174]
 [ 507886.80862339]
 [ 368281.07313389]
 [1642567.96353497]
 [ 291669.19424844]
 [1167095.84597316]
 [ 268162.95777614]
 [ 362037.63618794]
 [ 186115.41123828]
 [ 894144.28825493]
 [ 632012.58462643]
 [ 756128.1988464 ]
 [ 461180.17964023]
 [2792446.01400069]]
tax_array: [[1138151.40668155]
 [ 146190.95583805]
 [  83655.68690113]
 [1047585.36179379]
 [ 237348.04578709]
 [ 116785.15480972]
 [ 296653.41887031]
 [ 158093.15048083]
 [  60506.4603277 ]
 [ 577953.87366355]
 [ 317501.93011851]
 [ 516856.76202935]
 [ 215464.32623145]
 [1190909.19816216]
 [ 256217.16500475]
 [ 296323.997662  ]
 [ 162188.20154268]
 [ 410939.97764211]
 [ 551425.07953854]
 [ 406831.94373686]
 [ 132531.57068029]
 [ 292942.31835635]
 [1122520.52467062]
 [ 164331.10761775]
 [  56400.91247624]
 [ 585056.24352651]
 [  52014.91805784]
 [ 187735.46960985]
 [  89609.69374162]
 [ 739769.82353899]
 [ 873883.97787354]
 [ 352051.57566128]
 [ 197935.82518575]
 [ 126570.31470006]
 [ 234629.00816112]
 [ 301038.04126319]
 [ 927938.25203531]
 [ 421892.90235842]
 [ 627338.43213119]
 [ 259834.52523501]
 [  88710.09928376]
 [ 355016.47252528]
 [ 766468.05135979]
 [  83417.29116249]
 [ 277168.67674626]
 [ 298522.08966568]
 [1002827.82816216]
 [ 324722.12673519]
 [ 233104.30494975]
 [ 883247.29032497]
 [ 248304.40978728]
 [ 115300.91653217]
 [ 246320.33505072]
 [ 132795.91718348]
 [1128855.26524992]
 [ 505406.02410124]
 [ 127189.27312222]
 [ 187099.76305091]
 [ 331946.4365722 ]
 [ 294441.0476695 ]
 [2393452.73798676]
 [ 472289.38335148]
 [ 236631.21789856]
 [  77855.64624338]
 [ 142795.68869766]
 [ 189622.93103297]
 [ 571649.22187873]
 [ 792629.42818375]
 [ 477720.35365745]
 [ 656862.79391754]
 [ 332066.32092636]
 [ 127894.93637808]
 [ 625830.01337662]
 [ 399340.41771383]
 [3078293.28238484]
 [ 269089.42563537]
 [ 366812.41088596]
 [ 141686.2119206 ]
 [ 679134.79000612]
 [ 151656.37817545]
 [ 507150.64977114]
 [ 868022.61902926]
 [ 145922.80682862]
 [ 454403.45294562]
 [ 140388.66824896]
 [ 388259.55295095]
 [ 852433.49045311]
 [ 423486.95035114]
 [ 196164.3838452 ]
 [ 996631.75766919]
 [ 261710.47197086]
 [1289702.3631921 ]
 [ 222227.28800844]
 [ 205142.90256088]
 [ 106450.50895804]
 [ 561916.2458942 ]
 [ 286300.59186383]
 [1248220.31223328]
 [ 173500.68098644]
 [1996725.79556966]]
wealth_gini: 0.40211335869236553
income_gini: 0.46589629699938495
households_reward: [[ 9.8600649 ]
 [ 7.9318062 ]
 [ 7.59443994]
 [ 9.70575738]
 [ 8.84451616]
 [ 8.10903517]
 [ 8.80353105]
 [ 7.92976621]
 [ 7.45812349]
 [ 9.60314136]
 [ 9.04419965]
 [ 8.93057885]
 [ 8.3755255 ]
 [10.20390388]
 [ 8.70834181]
 [ 9.01243806]
 [ 8.3899155 ]
 [ 9.31230497]
 [ 8.97276572]
 [ 9.47875238]
 [ 7.84856186]
 [ 8.28919144]
 [10.01340926]
 [ 8.06927617]
 [ 7.22201811]
 [ 9.74128816]
 [ 7.09696777]
 [ 7.97571469]
 [ 7.56963306]
 [ 9.36422756]
 [10.00645641]
 [ 8.87415042]
 [ 8.4943791 ]
 [ 7.89282786]
 [ 8.47988342]
 [ 8.60282143]
 [ 9.56876056]
 [ 9.3708186 ]
 [ 8.97372405]
 [ 8.75066174]
 [ 7.57139222]
 [ 8.99941221]
 [ 9.2357609 ]
 [ 7.57262035]
 [ 8.59763034]
 [ 8.74856417]
 [ 9.58007866]
 [ 8.76199587]
 [ 8.61519593]
 [ 9.32761357]
 [ 8.11142238]
 [ 7.99734416]
 [ 8.34522724]
 [ 7.98959642]
 [ 9.87710495]
 [ 8.82368437]
 [ 8.21647842]
 [ 8.6792465 ]
 [ 9.10883057]
 [ 8.32004004]
 [10.47140772]
 [ 9.05251662]
 [ 8.48578301]
 [ 7.29180676]
 [ 8.36531071]
 [ 8.5248974 ]
 [ 9.15432839]
 [ 9.3466963 ]
 [ 9.02779602]
 [ 9.30009364]
 [ 8.85782178]
 [ 7.92053868]
 [ 9.06402273]
 [ 9.42995911]
 [10.47605647]
 [ 8.86013723]
 [ 9.16296549]
 [ 8.19968772]
 [ 9.45312997]
 [ 8.24153428]
 [ 8.93570957]
 [ 9.47006682]
 [ 7.68453675]
 [ 8.84613358]
 [ 8.22664141]
 [ 9.20650191]
 [ 9.227487  ]
 [ 8.73241594]
 [ 8.41100377]
 [ 9.90617346]
 [ 8.1777776 ]
 [ 9.5644311 ]
 [ 8.09375218]
 [ 8.39390551]
 [ 7.72852431]
 [ 9.29802449]
 [ 8.95106664]
 [ 9.13036827]
 [ 8.63594615]
 [10.43683053]]
government_reward: 0.015957732352327787
