government: <entities.government.Government object at 0x7f53a46bc470>
households: <entities.household.Household object at 0x7f5269896b70>
screen: None
alpha: 0.3333333333333333
depreciation_rate: 0.06
interest_rate: 0.04
hours_max: 283720
episode_years: 100
year_per_step: 1
consumption_tax_rate: 0.065
gini_weight: 1
episode_length: 300
step_cnt: 1
xi_max: 0.1
Kt_next: 300630248.82706463
Bt_next: 69979157.64239797
done: False
Kt: 292609049.6
workingHours: [[0.33333333]
 [0.33333333]
 [0.33333333]
 [0.33333333]
 [0.33333333]
 [0.33333333]
 [0.33333333]
 [0.33333333]
 [0.33333333]
 [0.33333333]
 [0.33333333]
 [0.33333333]
 [0.33333333]
 [0.33333333]
 [0.33333333]
 [0.33333333]
 [0.33333333]
 [0.33333333]
 [0.33333333]
 [0.33333333]
 [0.33333333]
 [0.33333333]
 [0.33333333]
 [0.33333333]
 [0.33333333]
 [0.33333333]
 [0.33333333]
 [0.33333333]
 [0.33333333]
 [0.33333333]
 [0.33333333]
 [0.33333333]
 [0.33333333]
 [0.33333333]
 [0.33333333]
 [0.33333333]
 [0.33333333]
 [0.33333333]
 [0.33333333]
 [0.33333333]
 [0.33333333]
 [0.33333333]
 [0.33333333]
 [0.33333333]
 [0.33333333]
 [0.33333333]
 [0.33333333]
 [0.33333333]
 [0.33333333]
 [0.33333333]
 [0.33333333]
 [0.33333333]
 [0.33333333]
 [0.33333333]
 [0.33333333]
 [0.33333333]
 [0.33333333]
 [0.33333333]
 [0.33333333]
 [0.33333333]
 [0.33333333]
 [0.33333333]
 [0.33333333]
 [0.33333333]
 [0.33333333]
 [0.33333333]
 [0.33333333]
 [0.33333333]
 [0.33333333]
 [0.33333333]
 [0.33333333]
 [0.33333333]
 [0.33333333]
 [0.33333333]
 [0.33333333]
 [0.33333333]
 [0.33333333]
 [0.33333333]
 [0.33333333]
 [0.33333333]
 [0.33333333]
 [0.33333333]
 [0.33333333]
 [0.33333333]
 [0.33333333]
 [0.33333333]
 [0.33333333]
 [0.33333333]
 [0.33333333]
 [0.33333333]
 [0.33333333]
 [0.33333333]
 [0.33333333]
 [0.33333333]
 [0.33333333]
 [0.33333333]
 [0.33333333]
 [0.33333333]
 [0.33333333]
 [0.33333333]]
ht: [[94573.33333333]
 [94573.33333333]
 [94573.33333333]
 [94573.33333333]
 [94573.33333333]
 [94573.33333333]
 [94573.33333333]
 [94573.33333333]
 [94573.33333333]
 [94573.33333333]
 [94573.33333333]
 [94573.33333333]
 [94573.33333333]
 [94573.33333333]
 [94573.33333333]
 [94573.33333333]
 [94573.33333333]
 [94573.33333333]
 [94573.33333333]
 [94573.33333333]
 [94573.33333333]
 [94573.33333333]
 [94573.33333333]
 [94573.33333333]
 [94573.33333333]
 [94573.33333333]
 [94573.33333333]
 [94573.33333333]
 [94573.33333333]
 [94573.33333333]
 [94573.33333333]
 [94573.33333333]
 [94573.33333333]
 [94573.33333333]
 [94573.33333333]
 [94573.33333333]
 [94573.33333333]
 [94573.33333333]
 [94573.33333333]
 [94573.33333333]
 [94573.33333333]
 [94573.33333333]
 [94573.33333333]
 [94573.33333333]
 [94573.33333333]
 [94573.33333333]
 [94573.33333333]
 [94573.33333333]
 [94573.33333333]
 [94573.33333333]
 [94573.33333333]
 [94573.33333333]
 [94573.33333333]
 [94573.33333333]
 [94573.33333333]
 [94573.33333333]
 [94573.33333333]
 [94573.33333333]
 [94573.33333333]
 [94573.33333333]
 [94573.33333333]
 [94573.33333333]
 [94573.33333333]
 [94573.33333333]
 [94573.33333333]
 [94573.33333333]
 [94573.33333333]
 [94573.33333333]
 [94573.33333333]
 [94573.33333333]
 [94573.33333333]
 [94573.33333333]
 [94573.33333333]
 [94573.33333333]
 [94573.33333333]
 [94573.33333333]
 [94573.33333333]
 [94573.33333333]
 [94573.33333333]
 [94573.33333333]
 [94573.33333333]
 [94573.33333333]
 [94573.33333333]
 [94573.33333333]
 [94573.33333333]
 [94573.33333333]
 [94573.33333333]
 [94573.33333333]
 [94573.33333333]
 [94573.33333333]
 [94573.33333333]
 [94573.33333333]
 [94573.33333333]
 [94573.33333333]
 [94573.33333333]
 [94573.33333333]
 [94573.33333333]
 [94573.33333333]
 [94573.33333333]
 [94573.33333333]]
Lt: 9911271.88297542
WageRate: 2.0604473845186044
per_household_gdp: 306324.8134279426
GDP: 30632481.342794254
income: [[ 254247.08884444]
 [ 143881.73777146]
 [ 210214.98784231]
 [ 184195.16836825]
 [ 208101.52806899]
 [ 250455.99664787]
 [1285812.13337585]
 [ 263123.35495716]
 [ 341846.80649808]
 [ 199233.81886868]
 [ 189908.54787088]
 [ 183041.62411066]
 [ 236819.73407241]
 [1375047.87119015]
 [ 220130.80261251]
 [ 143945.34414503]
 [ 220727.19401523]
 [ 364075.22479207]
 [ 213948.06022957]
 [ 167178.1993472 ]
 [ 245841.6120138 ]
 [ 197273.54318247]
 [ 206509.59505727]
 [ 223054.96833258]
 [ 327407.94901117]
 [ 448706.00318089]
 [ 175723.68296907]
 [1316049.78214986]
 [ 167567.9531816 ]
 [ 249212.54060939]
 [ 114234.81528082]
 [ 206532.84285649]
 [ 136598.97255602]
 [ 228985.75990337]
 [ 279002.43290039]
 [ 281649.52688796]
 [ 162335.45270362]
 [ 288907.55631589]
 [ 388181.09571923]
 [ 213892.65374693]
 [ 314714.55868953]
 [ 151269.08344514]
 [ 263270.09534098]
 [ 195140.38042698]
 [ 233584.73336323]
 [ 919232.59455093]
 [ 269960.41522676]
 [ 191088.16871158]
 [ 585160.34826629]
 [ 425545.05460991]
 [ 218710.78893231]
 [ 170690.22027774]
 [ 186179.51759902]
 [ 153078.16700791]
 [ 540369.12366608]
 [ 346905.9906732 ]
 [ 171704.34859238]
 [ 328431.10914181]
 [ 198186.00354598]
 [ 154520.77622811]
 [ 147468.46921701]
 [1299692.94244359]
 [ 188207.76663647]
 [ 233833.53726483]
 [ 245247.04622626]
 [ 181800.85426676]
 [ 598999.75567474]
 [ 215882.64183294]
 [ 294724.65115394]
 [ 190814.14260159]
 [ 254473.97747127]
 [ 199992.87410665]
 [ 206956.3997774 ]
 [ 240291.52719099]
 [ 177422.66965282]
 [ 227009.1550831 ]
 [ 190100.73403374]
 [ 523170.7977124 ]
 [ 206565.28670731]
 [ 355090.61860362]
 [ 431301.44328286]
 [ 125035.53571022]
 [ 311965.91965098]
 [ 167197.40348111]
 [ 238247.91293862]
 [ 424912.68119433]
 [1006662.20336713]
 [1273323.32616582]
 [ 298973.82303667]
 [ 457893.64013947]
 [ 265510.34261701]
 [ 654400.39756999]
 [1332162.27674312]
 [ 156724.33903511]
 [ 210597.58803861]
 [1274190.19097649]
 [ 292487.81865934]
 [ 999168.2644118 ]
 [ 197874.86003994]
 [ 224384.76816025]]
display_mode: False
olg_GDP: 31439062.637654163
old_per_gdp: 301650.1404992487
valid_action_dict: {'government': array([-0.474, -0.902, -1.   , -1.   , -0.622,  0.6  ]), 'Household': array([[ 0.8       , -0.33333333],
       [ 0.8       , -0.33333333],
       [ 0.8       , -0.33333333],
       [ 0.8       , -0.33333333],
       [ 0.8       , -0.33333333],
       [ 0.8       , -0.33333333],
       [ 0.8       , -0.33333333],
       [ 0.8       , -0.33333333],
       [ 0.8       , -0.33333333],
       [ 0.8       , -0.33333333],
       [ 0.8       , -0.33333333],
       [ 0.8       , -0.33333333],
       [ 0.8       , -0.33333333],
       [ 0.8       , -0.33333333],
       [ 0.8       , -0.33333333],
       [ 0.8       , -0.33333333],
       [ 0.8       , -0.33333333],
       [ 0.8       , -0.33333333],
       [ 0.8       , -0.33333333],
       [ 0.8       , -0.33333333],
       [ 0.8       , -0.33333333],
       [ 0.8       , -0.33333333],
       [ 0.8       , -0.33333333],
       [ 0.8       , -0.33333333],
       [ 0.8       , -0.33333333],
       [ 0.8       , -0.33333333],
       [ 0.8       , -0.33333333],
       [ 0.8       , -0.33333333],
       [ 0.8       , -0.33333333],
       [ 0.8       , -0.33333333],
       [ 0.8       , -0.33333333],
       [ 0.8       , -0.33333333],
       [ 0.8       , -0.33333333],
       [ 0.8       , -0.33333333],
       [ 0.8       , -0.33333333],
       [ 0.8       , -0.33333333],
       [ 0.8       , -0.33333333],
       [ 0.8       , -0.33333333],
       [ 0.8       , -0.33333333],
       [ 0.8       , -0.33333333],
       [ 0.8       , -0.33333333],
       [ 0.8       , -0.33333333],
       [ 0.8       , -0.33333333],
       [ 0.8       , -0.33333333],
       [ 0.8       , -0.33333333],
       [ 0.8       , -0.33333333],
       [ 0.8       , -0.33333333],
       [ 0.8       , -0.33333333],
       [ 0.8       , -0.33333333],
       [ 0.8       , -0.33333333],
       [ 0.8       , -0.33333333],
       [ 0.8       , -0.33333333],
       [ 0.8       , -0.33333333],
       [ 0.8       , -0.33333333],
       [ 0.8       , -0.33333333],
       [ 0.8       , -0.33333333],
       [ 0.8       , -0.33333333],
       [ 0.8       , -0.33333333],
       [ 0.8       , -0.33333333],
       [ 0.8       , -0.33333333],
       [ 0.8       , -0.33333333],
       [ 0.8       , -0.33333333],
       [ 0.8       , -0.33333333],
       [ 0.8       , -0.33333333],
       [ 0.8       , -0.33333333],
       [ 0.8       , -0.33333333],
       [ 0.8       , -0.33333333],
       [ 0.8       , -0.33333333],
       [ 0.8       , -0.33333333],
       [ 0.8       , -0.33333333],
       [ 0.8       , -0.33333333],
       [ 0.8       , -0.33333333],
       [ 0.8       , -0.33333333],
       [ 0.8       , -0.33333333],
       [ 0.8       , -0.33333333],
       [ 0.8       , -0.33333333],
       [ 0.8       , -0.33333333],
       [ 0.8       , -0.33333333],
       [ 0.8       , -0.33333333],
       [ 0.8       , -0.33333333],
       [ 0.8       , -0.33333333],
       [ 0.8       , -0.33333333],
       [ 0.8       , -0.33333333],
       [ 0.8       , -0.33333333],
       [ 0.8       , -0.33333333],
       [ 0.8       , -0.33333333],
       [ 0.8       , -0.33333333],
       [ 0.8       , -0.33333333],
       [ 0.8       , -0.33333333],
       [ 0.8       , -0.33333333],
       [ 0.8       , -0.33333333],
       [ 0.8       , -0.33333333],
       [ 0.8       , -0.33333333],
       [ 0.8       , -0.33333333],
       [ 0.8       , -0.33333333],
       [ 0.8       , -0.33333333],
       [ 0.8       , -0.33333333],
       [ 0.8       , -0.33333333],
       [ 0.8       , -0.33333333],
       [ 0.8       , -0.33333333]])}
Bt: 73152262.4
Gt_prob: 0.189
Bt2At: 0.8
mean_saving_p: 0.95
post_income: [[177162.17204286]
 [100538.45529518]
 [146616.68185972]
 [128552.08718473]
 [145149.81345109]
 [174533.34493159]
 [888880.3618363 ]
 [183316.424757  ]
 [237857.31615842]
 [138994.28445667]
 [132519.68853544]
 [127750.94691258]
 [165076.02517773]
 [950256.44176227]
 [153497.90155183]
 [100582.6829005 ]
 [153911.72666834]
 [253245.68336168]
 [149207.4829008 ]
 [116731.16625642]
 [171333.36524485]
 [137633.37802776]
 [144044.86787311]
 [155526.87452219]
 [227858.92478863]
 [311794.19725395]
 [122668.02984194]
 [909679.9965724 ]
 [117001.97446568]
 [173671.06271208]
 [ 79912.74203686]
 [144061.00424919]
 [ 95473.86451885]
 [159641.63810736]
 [194323.4770775 ]
 [196158.08517906]
 [113366.07550565]
 [201187.94001921]
 [269928.58292228]
 [149169.03170653]
 [219067.42477196]
 [105674.49016818]
 [183418.15679955]
 [136152.37075856]
 [162832.03050348]
 [636510.23646269]
 [188056.12312193]
 [133338.79143059]
 [406084.11787255]
 [295777.05214836]
 [152512.55781872]
 [119171.27289012]
 [129930.16680396]
 [106932.06160628]
 [375146.67693414]
 [241360.12577489]
 [119875.83010209]
 [228567.49654557]
 [138266.85487234]
 [107934.82880761]
 [103032.27937502]
 [898428.8772427 ]
 [131338.65934199]
 [163004.6215108 ]
 [170921.02495937]
 [126889.20056336]
 [415640.65093907]
 [150550.02044068]
 [205218.77141166]
 [133148.51591193]
 [177319.49551074]
 [139521.23510327]
 [144354.99498353]
 [167484.10653408]
 [123848.20791079]
 [158270.33491301]
 [132653.14009675]
 [363264.45362201]
 [144083.52362091]
 [247026.35947933]
 [299758.32035765]
 [ 87429.65342609]
 [217163.47833703]
 [116744.50971804]
 [166066.64961809]
 [295339.67021405]
 [696739.43796871]
 [880288.96365119]
 [208162.89731989]
 [318146.84919774]
 [184971.23902656]
 [453885.8907541 ]
 [920762.37214974]
 [109466.45147015]
 [146882.22169956]
 [880885.31737807]
 [203668.85275379]
 [691577.99124197]
 [138050.84468044]
 [156449.53137354]]
consumption: [[ 132774.18648089]
 [  13515.78868757]
 [  49959.52438309]
 [   6409.09958082]
 [  42017.86096014]
 [  51277.38415172]
 [1347904.43013316]
 [   9110.63517602]
 [ 138603.7355004 ]
 [  39798.56382426]
 [  43889.3339688 ]
 [   6193.61473181]
 [   9276.14380603]
 [1339494.85642077]
 [   7575.10885183]
 [   5225.90638251]
 [  10092.4877177 ]
 [  54972.79910149]
 [  44569.68523008]
 [   5984.56670181]
 [   8412.45456512]
 [   9307.62319819]
 [  27385.58505273]
 [   7523.42752855]
 [  53773.71419195]
 [ 266547.12193681]
 [   5980.75876422]
 [1348880.93880622]
 [  31818.20009229]
 [  10123.05935561]
 [   6597.73418454]
 [  49839.53951874]
 [   7568.04454901]
 [  26339.10126091]
 [  46739.36512101]
 [  46877.05212108]
 [   5690.98556328]
 [   9819.23351671]
 [ 142542.92642828]
 [   9869.82598241]
 [  53365.09329915]
 [  21670.96051259]
 [   8807.09876406]
 [   9037.018947  ]
 [   8013.33086834]
 [ 993947.61673534]
 [ 142457.68183671]
 [  15060.86608829]
 [ 486473.01022876]
 [  15407.18655553]
 [  42353.21867694]
 [  22304.09585165]
 [  14900.8367631 ]
 [   7665.17344689]
 [ 484927.77825982]
 [ 135788.17491901]
 [   6030.12007705]
 [ 144359.62425097]
 [   6995.63189505]
 [   5289.05918514]
 [   5340.91091183]
 [1377415.53414285]
 [  41359.13893624]
 [   8106.50323811]
 [  51105.72887133]
 [   6153.15715673]
 [ 486828.90379996]
 [  42261.08077186]
 [  30257.59930336]
 [   6619.738634  ]
 [  43517.863639  ]
 [  41696.89484053]
 [  37407.41467059]
 [   8270.40617164]
 [   6268.17396111]
 [   7934.76241339]
 [   8197.33528917]
 [ 484462.69735315]
 [  15565.31360896]
 [  46790.48636053]
 [ 265982.05729379]
 [   4608.90882245]
 [  45393.62867779]
 [  14281.79182949]
 [  16592.22973559]
 [ 265826.18170019]
 [ 996775.27877787]
 [1337705.11566438]
 [  52858.81560187]
 [ 148565.22766187]
 [  11328.98459338]
 [ 488626.52069268]
 [1378464.05503051]
 [   5507.90462265]
 [   9540.76781747]
 [1346446.35292855]
 [  12405.30228598]
 [ 996532.9573353 ]
 [  49561.49798969]
 [   7566.74475162]]
tax_array: [[ 85715.23892283]
 [ 44221.80874097]
 [ 66845.67506749]
 [ 56059.67265627]
 [ 65682.87558032]
 [ 79255.68168613]
 [484545.55949821]
 [ 80399.1214866 ]
 [112998.73314718]
 [ 62826.44106059]
 [ 60241.66604341]
 [ 55693.26215565]
 [ 72346.65824207]
 [511858.59509523]
 [ 67125.28313605]
 [ 43702.34515939]
 [ 67471.47904854]
 [114402.77337198]
 [ 67637.60686872]
 [ 50836.0299264 ]
 [ 75055.05631568]
 [ 60245.16066259]
 [ 64244.79021259]
 [ 68017.11659975]
 [103044.31564503]
 [154237.36885283]
 [ 53444.40244681]
 [494047.04659987]
 [ 52634.16172192]
 [ 76199.47675542]
 [ 34750.92596596]
 [ 65711.40867602]
 [ 41617.03093285]
 [ 71056.16337797]
 [ 87717.01455576]
 [ 88538.45009677]
 [ 49339.29125958]
 [ 88357.86647527]
 [127517.80301479]
 [ 65365.16072926]
 [ 99115.86498201]
 [ 47003.20571028]
 [ 80424.3999611 ]
 [ 59575.41589998]
 [ 71273.5693662 ]
 [347328.95317603]
 [ 91164.04142421]
 [ 58728.33357673]
 [210696.97605862]
 [130769.46958766]
 [ 68951.19032759]
 [ 52968.71361799]
 [ 57217.90518466]
 [ 46644.34167568]
 [196742.75231883]
 [114372.09626805]
 [ 52220.4762953 ]
 [109246.98817255]
 [ 60373.86474682]
 [ 46929.73626753]
 [ 44783.34905126]
 [490796.07492017]
 [ 59557.45132534]
 [ 71355.8384645 ]
 [ 77647.89364353]
 [ 55311.6089186 ]
 [215002.98348267]
 [ 68079.59164244]
 [ 91472.623697  ]
 [ 58095.90970087]
 [ 79983.14309707]
 [ 63181.93716802]
 [ 65032.88674745]
 [ 73344.99705807]
 [ 53981.8930495 ]
 [ 69254.57972695]
 [ 57980.42073078]
 [191396.41941835]
 [ 63493.50847098]
 [111105.64073773]
 [148831.9566493 ]
 [ 37905.46135758]
 [ 97753.02717801]
 [ 51381.21023199]
 [ 73259.75825334]
 [146851.7127908 ]
 [374713.15851899]
 [479985.19503281]
 [ 94246.7487309 ]
 [149403.53073975]
 [ 81275.48758902]
 [232275.23066092]
 [501000.06817036]
 [ 47615.90136543]
 [ 64335.51624719]
 [480823.88653878]
 [ 89625.31055414]
 [372364.91539663]
 [ 63045.51272884]
 [ 68427.07519557]]
wealth_gini: 0.7827430089662727
income_gini: 0.3711440869522813
households_reward: [[7.39080718]
 [5.10601587]
 [6.4133705 ]
 [4.35987613]
 [6.24025213]
 [6.43940714]
 [9.70846373]
 [4.71159977]
 [7.43377637]
 [6.18598816]
 [6.28382866]
 [4.32567622]
 [4.72960326]
 [9.70220519]
 [4.52702506]
 [4.15578559]
 [4.81394869]
 [6.50899584]
 [6.29921126]
 [4.29134128]
 [4.63187063]
 [4.7329911 ]
 [5.81217412]
 [4.52017916]
 [6.4869421 ]
 [8.08770838]
 [4.29070478]
 [9.70918793]
 [5.96219579]
 [4.81697326]
 [4.38888362]
 [6.41096597]
 [4.52609205]
 [5.77321191]
 [6.34674408]
 [6.3496856 ]
 [4.24104078]
 [4.7865004 ]
 [7.46180053]
 [4.79163956]
 [6.47931418]
 [5.57813048]
 [4.67771541]
 [4.70348669]
 [4.58326385]
 [9.40384184]
 [7.46120232]
 [5.21425707]
 [8.68933876]
 [5.2369914 ]
 [6.24820176]
 [5.60692767]
 [5.20357471]
 [4.53884448]
 [8.68615731]
 [7.41325347]
 [4.29892426]
 [7.47446491]
 [4.44744328]
 [4.16779772]
 [4.17755356]
 [9.73012156]
 [6.22445075]
 [4.59482394]
 [6.43605394]
 [4.31912265]
 [8.69007007]
 [6.24602392]
 [5.91190471]
 [4.39221322]
 [6.27532885]
 [6.232584  ]
 [6.12402627]
 [4.61484096]
 [4.33764241]
 [4.57341075]
 [4.60596647]
 [8.68519777]
 [5.24720229]
 [6.34783724]
 [8.08558619]
 [4.03014847]
 [6.31752909]
 [5.16114276]
 [5.31109183]
 [8.08499998]
 [9.40668268]
 [9.70086816]
 [6.46978184]
 [7.50318144]
 [4.92952179]
 [8.69375577]
 [9.73088249]
 [4.2083416 ]
 [4.7577313 ]
 [9.70738141]
 [5.02028132]
 [9.40643955]
 [6.40537162]
 [4.52592029]]
government_reward: 0.01549700232513408
