government: <entities.government.Government object at 0x7f53a46bc470>
households: <entities.household.Household object at 0x7f5269896b70>
screen: None
alpha: 0.3333333333333333
depreciation_rate: 0.06
interest_rate: 0.04
hours_max: 283720
episode_years: 100
year_per_step: 1
consumption_tax_rate: 0.065
gini_weight: 1
episode_length: 300
step_cnt: 299
xi_max: 0.1
Kt_next: 20654198496247.086
Bt_next: -20634938640001.86
done: False
Kt: 19859898756610.406
workingHours: [[0.33333333]
 [0.33333333]
 [0.33333333]
 [0.33333333]
 [0.33333333]
 [0.33333333]
 [0.33333333]
 [0.33333333]
 [0.33333333]
 [0.33333333]
 [0.33333333]
 [0.33333333]
 [0.33333333]
 [0.33333333]
 [0.33333333]
 [0.33333333]
 [0.33333333]
 [0.33333333]
 [0.33333333]
 [0.33333333]
 [0.33333333]
 [0.33333333]
 [0.33333333]
 [0.33333333]
 [0.33333333]
 [0.33333333]
 [0.33333333]
 [0.33333333]
 [0.33333333]
 [0.33333333]
 [0.33333333]
 [0.33333333]
 [0.33333333]
 [0.33333333]
 [0.33333333]
 [0.33333333]
 [0.33333333]
 [0.33333333]
 [0.33333333]
 [0.33333333]
 [0.33333333]
 [0.33333333]
 [0.33333333]
 [0.33333333]
 [0.33333333]
 [0.33333333]
 [0.33333333]
 [0.33333333]
 [0.33333333]
 [0.33333333]
 [0.33333333]
 [0.33333333]
 [0.33333333]
 [0.33333333]
 [0.33333333]
 [0.33333333]
 [0.33333333]
 [0.33333333]
 [0.33333333]
 [0.33333333]
 [0.33333333]
 [0.33333333]
 [0.33333333]
 [0.33333333]
 [0.33333333]
 [0.33333333]
 [0.33333333]
 [0.33333333]
 [0.33333333]
 [0.33333333]
 [0.33333333]
 [0.33333333]
 [0.33333333]
 [0.33333333]
 [0.33333333]
 [0.33333333]
 [0.33333333]
 [0.33333333]
 [0.33333333]
 [0.33333333]
 [0.33333333]
 [0.33333333]
 [0.33333333]
 [0.33333333]
 [0.33333333]
 [0.33333333]
 [0.33333333]
 [0.33333333]
 [0.33333333]
 [0.33333333]
 [0.33333333]
 [0.33333333]
 [0.33333333]
 [0.33333333]
 [0.33333333]
 [0.33333333]
 [0.33333333]
 [0.33333333]
 [0.33333333]
 [0.33333333]]
ht: [[94573.33333333]
 [94573.33333333]
 [94573.33333333]
 [94573.33333333]
 [94573.33333333]
 [94573.33333333]
 [94573.33333333]
 [94573.33333333]
 [94573.33333333]
 [94573.33333333]
 [94573.33333333]
 [94573.33333333]
 [94573.33333333]
 [94573.33333333]
 [94573.33333333]
 [94573.33333333]
 [94573.33333333]
 [94573.33333333]
 [94573.33333333]
 [94573.33333333]
 [94573.33333333]
 [94573.33333333]
 [94573.33333333]
 [94573.33333333]
 [94573.33333333]
 [94573.33333333]
 [94573.33333333]
 [94573.33333333]
 [94573.33333333]
 [94573.33333333]
 [94573.33333333]
 [94573.33333333]
 [94573.33333333]
 [94573.33333333]
 [94573.33333333]
 [94573.33333333]
 [94573.33333333]
 [94573.33333333]
 [94573.33333333]
 [94573.33333333]
 [94573.33333333]
 [94573.33333333]
 [94573.33333333]
 [94573.33333333]
 [94573.33333333]
 [94573.33333333]
 [94573.33333333]
 [94573.33333333]
 [94573.33333333]
 [94573.33333333]
 [94573.33333333]
 [94573.33333333]
 [94573.33333333]
 [94573.33333333]
 [94573.33333333]
 [94573.33333333]
 [94573.33333333]
 [94573.33333333]
 [94573.33333333]
 [94573.33333333]
 [94573.33333333]
 [94573.33333333]
 [94573.33333333]
 [94573.33333333]
 [94573.33333333]
 [94573.33333333]
 [94573.33333333]
 [94573.33333333]
 [94573.33333333]
 [94573.33333333]
 [94573.33333333]
 [94573.33333333]
 [94573.33333333]
 [94573.33333333]
 [94573.33333333]
 [94573.33333333]
 [94573.33333333]
 [94573.33333333]
 [94573.33333333]
 [94573.33333333]
 [94573.33333333]
 [94573.33333333]
 [94573.33333333]
 [94573.33333333]
 [94573.33333333]
 [94573.33333333]
 [94573.33333333]
 [94573.33333333]
 [94573.33333333]
 [94573.33333333]
 [94573.33333333]
 [94573.33333333]
 [94573.33333333]
 [94573.33333333]
 [94573.33333333]
 [94573.33333333]
 [94573.33333333]
 [94573.33333333]
 [94573.33333333]
 [94573.33333333]]
Lt: 17010968.815654848
WageRate: 70.19799934852443
per_household_gdp: 17912039.66758664
GDP: 1791203966.7586641
income: [[8.10930757e+06]
 [1.86312958e+07]
 [2.31238770e+06]
 [1.26846980e+07]
 [1.06308295e+07]
 [8.80738758e+06]
 [1.77060115e+07]
 [3.03338413e+07]
 [1.51438593e+07]
 [8.13267343e+06]
 [1.23130674e+07]
 [1.81089239e+07]
 [3.46708357e+06]
 [2.10314455e+07]
 [2.91188476e+07]
 [6.36556161e+07]
 [7.15663024e+06]
 [1.20563834e+07]
 [2.34258700e+07]
 [1.13739749e+07]
 [3.20982249e+07]
 [1.86350499e+07]
 [6.72587964e+06]
 [4.06655557e+07]
 [2.40620651e+07]
 [3.40170139e+07]
 [5.63562450e+06]
 [1.24269796e+07]
 [4.37532893e+06]
 [2.36785148e+07]
 [1.99346628e+07]
 [2.37270106e+07]
 [1.09741941e+07]
 [1.08764476e+08]
 [6.31151142e+06]
 [2.79639564e+07]
 [5.19360703e+06]
 [7.23830939e+06]
 [8.34976100e+06]
 [9.50278622e+06]
 [3.93965670e+06]
 [1.25534876e+06]
 [2.60856707e+07]
 [9.19712895e+07]
 [1.72312540e+07]
 [3.51812823e+07]
 [3.42666705e+07]
 [6.96528747e+07]
 [1.98806939e+07]
 [1.19385582e+07]
 [1.61712261e+07]
 [1.95384110e+06]
 [7.23399486e+06]
 [1.22126022e+07]
 [4.73349994e+07]
 [2.13328989e+07]
 [6.25681992e+06]
 [6.34951330e+06]
 [3.08520160e+06]
 [1.27091886e+08]
 [3.36371332e+07]
 [4.38681878e+06]
 [5.45998077e+06]
 [3.22362125e+06]
 [1.31410302e+07]
 [2.01772763e+07]
 [6.66651947e+06]
 [1.94365400e+07]
 [3.22287704e+07]
 [6.79890345e+06]
 [1.77890315e+07]
 [2.68306861e+07]
 [4.11286222e+06]
 [5.16586683e+07]
 [1.80643521e+07]
 [5.00255099e+06]
 [6.82670487e+07]
 [5.39690061e+06]
 [3.81371273e+07]
 [3.09480752e+06]
 [3.13455352e+06]
 [2.63181093e+06]
 [1.45556943e+07]
 [5.70603786e+06]
 [5.51399310e+06]
 [1.05373361e+07]
 [8.87399152e+06]
 [4.25033741e+07]
 [1.30809954e+07]
 [1.15997655e+07]
 [1.49750993e+07]
 [9.06372363e+06]
 [2.54118159e+06]
 [1.01910987e+07]
 [2.26875964e+07]
 [1.04715989e+07]
 [6.05492800e+06]
 [1.87128661e+07]
 [1.56009889e+07]
 [1.50714945e+07]]
display_mode: False
olg_GDP: 31439062.637654163
old_per_gdp: 17405857.72906007
valid_action_dict: {'government': array([-0.474, -0.902, -1.   , -1.   , -0.622,  0.6  ]), 'Household': array([[ 0.8       , -0.33333333],
       [ 0.8       , -0.33333333],
       [ 0.8       , -0.33333333],
       [ 0.8       , -0.33333333],
       [ 0.8       , -0.33333333],
       [ 0.8       , -0.33333333],
       [ 0.8       , -0.33333333],
       [ 0.8       , -0.33333333],
       [ 0.8       , -0.33333333],
       [ 0.8       , -0.33333333],
       [ 0.8       , -0.33333333],
       [ 0.8       , -0.33333333],
       [ 0.8       , -0.33333333],
       [ 0.8       , -0.33333333],
       [ 0.8       , -0.33333333],
       [ 0.8       , -0.33333333],
       [ 0.8       , -0.33333333],
       [ 0.8       , -0.33333333],
       [ 0.8       , -0.33333333],
       [ 0.8       , -0.33333333],
       [ 0.8       , -0.33333333],
       [ 0.8       , -0.33333333],
       [ 0.8       , -0.33333333],
       [ 0.8       , -0.33333333],
       [ 0.8       , -0.33333333],
       [ 0.8       , -0.33333333],
       [ 0.8       , -0.33333333],
       [ 0.8       , -0.33333333],
       [ 0.8       , -0.33333333],
       [ 0.8       , -0.33333333],
       [ 0.8       , -0.33333333],
       [ 0.8       , -0.33333333],
       [ 0.8       , -0.33333333],
       [ 0.8       , -0.33333333],
       [ 0.8       , -0.33333333],
       [ 0.8       , -0.33333333],
       [ 0.8       , -0.33333333],
       [ 0.8       , -0.33333333],
       [ 0.8       , -0.33333333],
       [ 0.8       , -0.33333333],
       [ 0.8       , -0.33333333],
       [ 0.8       , -0.33333333],
       [ 0.8       , -0.33333333],
       [ 0.8       , -0.33333333],
       [ 0.8       , -0.33333333],
       [ 0.8       , -0.33333333],
       [ 0.8       , -0.33333333],
       [ 0.8       , -0.33333333],
       [ 0.8       , -0.33333333],
       [ 0.8       , -0.33333333],
       [ 0.8       , -0.33333333],
       [ 0.8       , -0.33333333],
       [ 0.8       , -0.33333333],
       [ 0.8       , -0.33333333],
       [ 0.8       , -0.33333333],
       [ 0.8       , -0.33333333],
       [ 0.8       , -0.33333333],
       [ 0.8       , -0.33333333],
       [ 0.8       , -0.33333333],
       [ 0.8       , -0.33333333],
       [ 0.8       , -0.33333333],
       [ 0.8       , -0.33333333],
       [ 0.8       , -0.33333333],
       [ 0.8       , -0.33333333],
       [ 0.8       , -0.33333333],
       [ 0.8       , -0.33333333],
       [ 0.8       , -0.33333333],
       [ 0.8       , -0.33333333],
       [ 0.8       , -0.33333333],
       [ 0.8       , -0.33333333],
       [ 0.8       , -0.33333333],
       [ 0.8       , -0.33333333],
       [ 0.8       , -0.33333333],
       [ 0.8       , -0.33333333],
       [ 0.8       , -0.33333333],
       [ 0.8       , -0.33333333],
       [ 0.8       , -0.33333333],
       [ 0.8       , -0.33333333],
       [ 0.8       , -0.33333333],
       [ 0.8       , -0.33333333],
       [ 0.8       , -0.33333333],
       [ 0.8       , -0.33333333],
       [ 0.8       , -0.33333333],
       [ 0.8       , -0.33333333],
       [ 0.8       , -0.33333333],
       [ 0.8       , -0.33333333],
       [ 0.8       , -0.33333333],
       [ 0.8       , -0.33333333],
       [ 0.8       , -0.33333333],
       [ 0.8       , -0.33333333],
       [ 0.8       , -0.33333333],
       [ 0.8       , -0.33333333],
       [ 0.8       , -0.33333333],
       [ 0.8       , -0.33333333],
       [ 0.8       , -0.33333333],
       [ 0.8       , -0.33333333],
       [ 0.8       , -0.33333333],
       [ 0.8       , -0.33333333],
       [ 0.8       , -0.33333333],
       [ 0.8       , -0.33333333]])}
Bt: -19840954013886.754
Gt_prob: 0.189
Bt2At: 0.8
mean_saving_p: 0.95
post_income: [[ 5555594.17404616]
 [12712168.25519624]
 [ 1593960.35628465]
 [ 8671112.49996616]
 [ 7273404.41879272]
 [ 6031399.82979223]
 [12083860.77366547]
 [20647464.48618983]
 [10343182.02471264]
 [ 5571523.30946463]
 [ 8418296.63537697]
 [12357474.74332981]
 [ 2385169.49607297]
 [14341277.06070277]
 [19824420.09288776]
 [43171653.99310197]
 [ 4905929.11192238]
 [ 8243655.75609852]
 [15965590.31168064]
 [ 7779273.77303593]
 [21842383.09038885]
 [12714717.14067093]
 [ 4612048.68063453]
 [27640268.81150188]
 [16397027.6235684 ]
 [23141507.02060262]
 [ 3867792.73896961]
 [ 8495793.65914638]
 [ 3006564.44355089]
 [16136928.80455469]
 [13596952.254804  ]
 [16169816.64729088]
 [ 7507158.27887841]
 [73571404.34247874]
 [ 4329258.12322746]
 [19041933.53359506]
 [ 3565858.03514418]
 [ 4961644.93213148]
 [ 5719507.0968064 ]
 [ 6505193.97382422]
 [ 2708578.30233225]
 [  867923.0316751 ]
 [17768975.92761013]
 [62263157.54804193]
 [11761418.22549778]
 [23929603.31992972]
 [23310511.17718567]
 [47218197.65261283]
 [13560321.48643748]
 [ 8163484.60631527]
 [11041316.7874204 ]
 [ 1347921.63752437]
 [ 4958701.93964968]
 [ 8349944.92086434]
 [32149538.55926704]
 [14545822.76339029]
 [ 4291926.57842236]
 [ 4355196.66005014]
 [ 2123668.96258997]
 [85903015.7160969 ]
 [22884336.38800051]
 [ 3014421.10741762]
 [ 3747827.88349991]
 [ 2218471.66103906]
 [ 8981500.3620297 ]
 [13761617.2932392 ]
 [ 4571542.98395024]
 [13258838.62603461]
 [21930781.27552905]
 [ 4661875.65249962]
 [12140241.33200812]
 [18273942.12016787]
 [ 2827063.84568671]
 [35071114.44518221]
 [12327207.93552271]
 [ 3435312.47995907]
 [46283293.41879504]
 [ 3704739.48745004]
 [25929857.64238712]
 [ 2130248.65936886]
 [ 2157472.11303937]
 [ 1812993.30187034]
 [ 9943398.05982444]
 [ 3915879.96743212]
 [ 3784720.35185139]
 [ 7209750.10951114]
 [ 6076786.63541963]
 [28883172.55279933]
 [ 8940668.96421582]
 [ 7932940.01300165]
 [10228481.44799042]
 [ 6206069.19663099]
 [ 1750861.47763446]
 [ 6973992.6854646 ]
 [15464856.17655879]
 [ 7164991.76461156]
 [ 4154104.43473961]
 [12767550.51977118]
 [10653846.69502704]
 [10293998.85850115]]
consumption: [[ 5577813.91242232]
 [11568034.27811818]
 [ 1366348.76660663]
 [ 5732202.49226481]
 [ 7640404.31890661]
 [ 4125964.42346955]
 [10821099.1385067 ]
 [11014203.8570222 ]
 [ 9043791.91935367]
 [ 5418388.69801088]
 [10188203.37011047]
 [ 8206783.31667292]
 [ 2566152.06646749]
 [11251277.91085627]
 [17468511.15803868]
 [20767312.39775952]
 [ 4122204.08363824]
 [ 8303356.98453931]
 [15647555.35365206]
 [ 7278794.73231278]
 [15645599.26893454]
 [ 6474621.4881963 ]
 [ 2486673.84070328]
 [16239823.51349296]
 [15868068.1365278 ]
 [30442253.06136078]
 [ 2359749.27996492]
 [ 6206854.50524373]
 [ 2798823.99792673]
 [17548382.114015  ]
 [10658558.27778794]
 [ 7085430.94602317]
 [ 5795405.77925507]
 [67692714.5037074 ]
 [ 4076596.16199129]
 [ 7901660.81751208]
 [ 5004356.00685569]
 [ 3381294.12610564]
 [ 6982949.70408682]
 [ 4750015.8264706 ]
 [ 2601048.49874069]
 [  902196.90171439]
 [17787718.64366521]
 [30768271.22253628]
 [ 8852689.40356228]
 [17491061.85634381]
 [13516232.02016734]
 [24324400.36781861]
 [13830184.01247421]
 [ 5905769.78839781]
 [ 9993359.71572293]
 [ 1426446.82218816]
 [ 1940450.42500413]
 [ 6854589.30643663]
 [27254723.50885457]
 [20858292.92224753]
 [ 3938421.31527456]
 [ 3846682.57001789]
 [ 1393342.72091076]
 [26779849.11448873]
 [ 9921738.0257251 ]
 [ 2883339.49515203]
 [ 2358804.64172771]
 [ 2593966.34831251]
 [ 5239419.10299816]
 [13726240.81787547]
 [ 4265566.76622521]
 [ 8196794.45670534]
 [13589377.24966361]
 [ 3828488.31439276]
 [ 8365153.98672962]
 [13247501.07708055]
 [ 2103681.66407125]
 [16462788.37133534]
 [10510314.65167797]
 [ 2419167.24853591]
 [19221502.68801839]
 [ 2203919.26240484]
 [23102221.38890219]
 [ 2048745.26538302]
 [ 1887177.16701108]
 [ 2658405.43931681]
 [ 6827795.11066057]
 [ 4143593.72174642]
 [ 4336728.94303913]
 [ 5115052.19614066]
 [ 6999857.92399801]
 [13267199.50824649]
 [ 5035247.54118808]
 [ 5943552.14158031]
 [11338057.63250258]
 [ 6473865.4410156 ]
 [ 1152199.37943627]
 [ 4553366.02250076]
 [ 7993734.51444201]
 [ 4740566.94160279]
 [ 4055634.21562918]
 [14267125.68078442]
 [ 7596478.18993588]
 [ 9360721.64994607]]
tax_array: [[ 2916271.30052795]
 [ 6671049.80995083]
 [  807240.01737265]
 [ 4386178.66102316]
 [ 3854051.37698716]
 [ 3044175.44150271]
 [ 6325522.20674392]
 [10402300.07738905]
 [ 5388523.72395052]
 [ 2913345.38776754]
 [ 4557004.01792595]
 [ 6284890.079059  ]
 [ 1248713.95883413]
 [ 7421501.51315183]
 [10429880.76930756]
 [21833837.43194195]
 [ 2518644.39036815]
 [ 4352445.8345052 ]
 [ 8477370.75121615]
 [ 4067822.74984611]
 [11272805.72929873]
 [ 6341183.20525846]
 [ 2275464.76325148]
 [14080875.44430779]
 [ 8696461.93003196]
 [12854253.31843077]
 [ 1921215.46022429]
 [ 4334631.49292363]
 [ 1550688.0442332 ]
 [ 8682230.8175405 ]
 [ 7030516.86305795]
 [ 8017746.98079952]
 [ 3843737.18509719]
 [39593097.89109097]
 [ 2247232.04812017]
 [ 9435630.83114241]
 [ 1953032.1333736 ]
 [ 2496448.57303879]
 [ 3084145.63014808]
 [ 3306343.27162864]
 [ 1400146.55309486]
 [  446068.52459473]
 [ 9472896.46520931]
 [31708069.61465302]
 [ 6045260.59442287]
 [12388598.01678833]
 [11834714.36414726]
 [24015763.10802357]
 [ 7219334.38246944]
 [ 4158948.62478955]
 [ 5779477.69312002]
 [  698638.50404696]
 [ 2401422.19733988]
 [ 4308205.53477649]
 [16957017.86569791]
 [ 8142865.13263544]
 [ 2220890.72213137]
 [ 2244351.0035546 ]
 [ 1052099.91234643]
 [42929560.96383797]
 [11397709.73858397]
 [ 1559814.73954769]
 [ 1865475.18438151]
 [ 1173757.39739055]
 [ 4500092.10619706]
 [ 7307864.65050829]
 [ 2372238.32538019]
 [ 6710492.99783393]
 [11181298.62299048]
 [ 2385879.54208548]
 [ 6192525.19984047]
 [ 9417831.59651572]
 [ 1422537.68612817]
 [17657635.13128955]
 [ 6420314.62251765]
 [ 1724484.38068953]
 [23233152.9192194 ]
 [ 1835415.87806812]
 [13708913.99905241]
 [ 1097727.3059445 ]
 [ 1099747.92736415]
 [  991613.97987606]
 [ 5056102.90511834]
 [ 2059491.48788933]
 [ 2011160.1306798 ]
 [ 3660064.36336362]
 [ 3252195.65125739]
 [14482569.54498448]
 [ 4467617.53764361]
 [ 4053156.37953481]
 [ 5483591.62852984]
 [ 3278455.68646273]
 [  865213.0746995 ]
 [ 3513074.83284428]
 [ 7742332.94967457]
 [ 3614743.95791802]
 [ 2164439.78510845]
 [ 6872678.7875345 ]
 [ 5440913.25506089]
 [ 5385942.57330078]]
wealth_gini: 0.4328200153339038
income_gini: 0.4838774878751261
households_reward: [[11.12870954]
 [11.85815824]
 [ 9.72205466]
 [11.15601245]
 [11.44336314]
 [10.82721241]
 [11.79141047]
 [11.80909831]
 [11.61199116]
 [11.0997111 ]
 [11.73114313]
 [11.51487366]
 [10.35232014]
 [11.83039433]
 [12.27031251]
 [12.44329285]
 [10.82630061]
 [11.5265725 ]
 [12.16022731]
 [11.39487791]
 [12.1601023 ]
 [11.27780276]
 [10.32085863]
 [12.19737908]
 [12.17422141]
 [12.82574416]
 [10.26846799]
 [11.23556686]
 [10.43911194]
 [12.27487437]
 [11.77627578]
 [11.36795331]
 [11.16697811]
 [13.62489117]
 [10.81517498]
 [11.47698558]
 [11.02022135]
 [10.62817113]
 [11.35338404]
 [10.96806057]
 [10.36582725]
 [ 9.30699013]
 [12.28842087]
 [12.83639662]
 [11.59063392]
 [12.27160261]
 [12.01380395]
 [12.60139259]
 [12.03676607]
 [11.18584242]
 [11.71183346]
 [ 9.76509923]
 [10.07283274]
 [11.33483101]
 [12.71513946]
 [12.44766423]
 [10.78069258]
 [10.75712372]
 [ 9.74161831]
 [12.69756232]
 [11.70464073]
 [10.46886178]
 [10.2680676 ]
 [10.36310073]
 [11.06612325]
 [12.029222  ]
 [10.86048768]
 [11.51365577]
 [12.01920102]
 [10.75238264]
 [11.53398736]
 [11.99372155]
 [10.1536016 ]
 [12.2110152 ]
 [11.76226974]
 [10.29333598]
 [12.3659422 ]
 [10.20014987]
 [12.54984139]
 [10.12714016]
 [10.04499477]
 [10.3876391 ]
 [11.33091441]
 [10.83147608]
 [10.87703298]
 [11.04210022]
 [11.35580247]
 [11.9952074 ]
 [11.0263753 ]
 [11.19221957]
 [11.83807761]
 [11.27768599]
 [ 9.55158524]
 [10.92577936]
 [11.48857066]
 [10.96606935]
 [10.81001969]
 [12.0678706 ]
 [11.43759736]
 [11.646435  ]]
government_reward: 0.029081125814413116
