government: <entities.government.Government object at 0x7f53a46bc470>
households: <entities.household.Household object at 0x7f5269896b70>
screen: None
alpha: 0.3333333333333333
depreciation_rate: 0.06
interest_rate: 0.04
hours_max: 283720
episode_years: 100
year_per_step: 1
consumption_tax_rate: 0.065
gini_weight: 1
episode_length: 300
step_cnt: 10
xi_max: 0.1
Kt_next: 396108068.6282153
Bt_next: 29935956.39195709
done: False
Kt: 383315846.1779978
workingHours: [[0.33333333]
 [0.33333333]
 [0.33333333]
 [0.33333333]
 [0.33333333]
 [0.33333333]
 [0.33333333]
 [0.33333333]
 [0.33333333]
 [0.33333333]
 [0.33333333]
 [0.33333333]
 [0.33333333]
 [0.33333333]
 [0.33333333]
 [0.33333333]
 [0.33333333]
 [0.33333333]
 [0.33333333]
 [0.33333333]
 [0.33333333]
 [0.33333333]
 [0.33333333]
 [0.33333333]
 [0.33333333]
 [0.33333333]
 [0.33333333]
 [0.33333333]
 [0.33333333]
 [0.33333333]
 [0.33333333]
 [0.33333333]
 [0.33333333]
 [0.33333333]
 [0.33333333]
 [0.33333333]
 [0.33333333]
 [0.33333333]
 [0.33333333]
 [0.33333333]
 [0.33333333]
 [0.33333333]
 [0.33333333]
 [0.33333333]
 [0.33333333]
 [0.33333333]
 [0.33333333]
 [0.33333333]
 [0.33333333]
 [0.33333333]
 [0.33333333]
 [0.33333333]
 [0.33333333]
 [0.33333333]
 [0.33333333]
 [0.33333333]
 [0.33333333]
 [0.33333333]
 [0.33333333]
 [0.33333333]
 [0.33333333]
 [0.33333333]
 [0.33333333]
 [0.33333333]
 [0.33333333]
 [0.33333333]
 [0.33333333]
 [0.33333333]
 [0.33333333]
 [0.33333333]
 [0.33333333]
 [0.33333333]
 [0.33333333]
 [0.33333333]
 [0.33333333]
 [0.33333333]
 [0.33333333]
 [0.33333333]
 [0.33333333]
 [0.33333333]
 [0.33333333]
 [0.33333333]
 [0.33333333]
 [0.33333333]
 [0.33333333]
 [0.33333333]
 [0.33333333]
 [0.33333333]
 [0.33333333]
 [0.33333333]
 [0.33333333]
 [0.33333333]
 [0.33333333]
 [0.33333333]
 [0.33333333]
 [0.33333333]
 [0.33333333]
 [0.33333333]
 [0.33333333]
 [0.33333333]]
ht: [[94573.33333333]
 [94573.33333333]
 [94573.33333333]
 [94573.33333333]
 [94573.33333333]
 [94573.33333333]
 [94573.33333333]
 [94573.33333333]
 [94573.33333333]
 [94573.33333333]
 [94573.33333333]
 [94573.33333333]
 [94573.33333333]
 [94573.33333333]
 [94573.33333333]
 [94573.33333333]
 [94573.33333333]
 [94573.33333333]
 [94573.33333333]
 [94573.33333333]
 [94573.33333333]
 [94573.33333333]
 [94573.33333333]
 [94573.33333333]
 [94573.33333333]
 [94573.33333333]
 [94573.33333333]
 [94573.33333333]
 [94573.33333333]
 [94573.33333333]
 [94573.33333333]
 [94573.33333333]
 [94573.33333333]
 [94573.33333333]
 [94573.33333333]
 [94573.33333333]
 [94573.33333333]
 [94573.33333333]
 [94573.33333333]
 [94573.33333333]
 [94573.33333333]
 [94573.33333333]
 [94573.33333333]
 [94573.33333333]
 [94573.33333333]
 [94573.33333333]
 [94573.33333333]
 [94573.33333333]
 [94573.33333333]
 [94573.33333333]
 [94573.33333333]
 [94573.33333333]
 [94573.33333333]
 [94573.33333333]
 [94573.33333333]
 [94573.33333333]
 [94573.33333333]
 [94573.33333333]
 [94573.33333333]
 [94573.33333333]
 [94573.33333333]
 [94573.33333333]
 [94573.33333333]
 [94573.33333333]
 [94573.33333333]
 [94573.33333333]
 [94573.33333333]
 [94573.33333333]
 [94573.33333333]
 [94573.33333333]
 [94573.33333333]
 [94573.33333333]
 [94573.33333333]
 [94573.33333333]
 [94573.33333333]
 [94573.33333333]
 [94573.33333333]
 [94573.33333333]
 [94573.33333333]
 [94573.33333333]
 [94573.33333333]
 [94573.33333333]
 [94573.33333333]
 [94573.33333333]
 [94573.33333333]
 [94573.33333333]
 [94573.33333333]
 [94573.33333333]
 [94573.33333333]
 [94573.33333333]
 [94573.33333333]
 [94573.33333333]
 [94573.33333333]
 [94573.33333333]
 [94573.33333333]
 [94573.33333333]
 [94573.33333333]
 [94573.33333333]
 [94573.33333333]
 [94573.33333333]]
Lt: 12325329.206762701
WageRate: 2.0964997873534945
per_household_gdp: 387600.75091559754
GDP: 38760075.09155975
income: [[ 398384.07604335]
 [ 162565.81577399]
 [ 402938.91750162]
 [ 417981.20011354]
 [ 309651.75153951]
 [ 131233.72478464]
 [1108190.4993704 ]
 [ 636804.62552626]
 [ 412930.51919135]
 [ 192233.11242205]
 [ 370939.55825352]
 [ 221853.45922251]
 [ 182674.89112813]
 [1244635.34731562]
 [ 359860.60592915]
 [ 270178.96739752]
 [ 180433.69729646]
 [ 484919.70943394]
 [ 685243.71689522]
 [ 292422.72774472]
 [ 202720.48486353]
 [ 329348.28756862]
 [ 293466.64093366]
 [ 544521.06201737]
 [ 279877.96739346]
 [ 621233.77470305]
 [ 429405.58599989]
 [1192179.73199096]
 [ 141888.72470811]
 [ 269544.13742638]
 [ 288279.78957483]
 [ 222234.55243891]
 [ 191737.06547677]
 [ 770890.07615063]
 [ 572238.68665009]
 [ 335173.86355231]
 [ 111415.59220378]
 [ 952437.63204268]
 [ 324137.09489289]
 [ 464161.25209212]
 [ 582338.25798151]
 [ 170834.92324182]
 [ 564467.4880574 ]
 [ 416015.80107613]
 [ 310436.32963763]
 [ 847887.76484408]
 [ 301800.19561374]
 [ 145981.10222376]
 [ 388237.23453409]
 [ 556481.8530921 ]
 [ 218948.09554073]
 [ 188336.41422068]
 [ 171347.58218659]
 [ 161044.22489347]
 [ 574788.92371139]
 [ 415754.99388945]
 [ 189490.64507678]
 [ 765375.76513617]
 [  98804.55860897]
 [ 444757.63871982]
 [ 133256.7761671 ]
 [1272051.92592934]
 [ 238672.5373806 ]
 [ 325938.23601969]
 [ 578406.51814711]
 [ 382305.14588658]
 [ 533281.92439645]
 [ 279305.15001641]
 [ 226077.79800457]
 [ 162498.99057898]
 [ 283475.3703424 ]
 [ 311431.57752947]
 [ 135517.80727373]
 [ 352819.19898964]
 [ 183182.65304581]
 [ 291408.42845689]
 [ 122847.27097487]
 [ 522382.04734222]
 [ 200146.34022882]
 [ 427208.39105545]
 [ 400795.01036938]
 [  90692.01416691]
 [ 312860.60637518]
 [ 116837.58130596]
 [ 347239.77291608]
 [ 568407.22468603]
 [1179444.06600017]
 [1053326.96718005]
 [ 176120.44481417]
 [ 572421.17278418]
 [ 648532.32946484]
 [ 883773.75341745]
 [1350384.57130246]
 [ 508376.40118403]
 [ 350786.4198533 ]
 [1022992.33470071]
 [ 203562.08749643]
 [ 933817.99039922]
 [ 136534.68450208]
 [ 260485.31221718]]
display_mode: False
olg_GDP: 31439062.637654163
old_per_gdp: 377494.7063225057
valid_action_dict: {'government': array([-0.474, -0.902, -1.   , -1.   , -0.622,  0.6  ]), 'Household': array([[ 0.8       , -0.33333333],
       [ 0.8       , -0.33333333],
       [ 0.8       , -0.33333333],
       [ 0.8       , -0.33333333],
       [ 0.8       , -0.33333333],
       [ 0.8       , -0.33333333],
       [ 0.8       , -0.33333333],
       [ 0.8       , -0.33333333],
       [ 0.8       , -0.33333333],
       [ 0.8       , -0.33333333],
       [ 0.8       , -0.33333333],
       [ 0.8       , -0.33333333],
       [ 0.8       , -0.33333333],
       [ 0.8       , -0.33333333],
       [ 0.8       , -0.33333333],
       [ 0.8       , -0.33333333],
       [ 0.8       , -0.33333333],
       [ 0.8       , -0.33333333],
       [ 0.8       , -0.33333333],
       [ 0.8       , -0.33333333],
       [ 0.8       , -0.33333333],
       [ 0.8       , -0.33333333],
       [ 0.8       , -0.33333333],
       [ 0.8       , -0.33333333],
       [ 0.8       , -0.33333333],
       [ 0.8       , -0.33333333],
       [ 0.8       , -0.33333333],
       [ 0.8       , -0.33333333],
       [ 0.8       , -0.33333333],
       [ 0.8       , -0.33333333],
       [ 0.8       , -0.33333333],
       [ 0.8       , -0.33333333],
       [ 0.8       , -0.33333333],
       [ 0.8       , -0.33333333],
       [ 0.8       , -0.33333333],
       [ 0.8       , -0.33333333],
       [ 0.8       , -0.33333333],
       [ 0.8       , -0.33333333],
       [ 0.8       , -0.33333333],
       [ 0.8       , -0.33333333],
       [ 0.8       , -0.33333333],
       [ 0.8       , -0.33333333],
       [ 0.8       , -0.33333333],
       [ 0.8       , -0.33333333],
       [ 0.8       , -0.33333333],
       [ 0.8       , -0.33333333],
       [ 0.8       , -0.33333333],
       [ 0.8       , -0.33333333],
       [ 0.8       , -0.33333333],
       [ 0.8       , -0.33333333],
       [ 0.8       , -0.33333333],
       [ 0.8       , -0.33333333],
       [ 0.8       , -0.33333333],
       [ 0.8       , -0.33333333],
       [ 0.8       , -0.33333333],
       [ 0.8       , -0.33333333],
       [ 0.8       , -0.33333333],
       [ 0.8       , -0.33333333],
       [ 0.8       , -0.33333333],
       [ 0.8       , -0.33333333],
       [ 0.8       , -0.33333333],
       [ 0.8       , -0.33333333],
       [ 0.8       , -0.33333333],
       [ 0.8       , -0.33333333],
       [ 0.8       , -0.33333333],
       [ 0.8       , -0.33333333],
       [ 0.8       , -0.33333333],
       [ 0.8       , -0.33333333],
       [ 0.8       , -0.33333333],
       [ 0.8       , -0.33333333],
       [ 0.8       , -0.33333333],
       [ 0.8       , -0.33333333],
       [ 0.8       , -0.33333333],
       [ 0.8       , -0.33333333],
       [ 0.8       , -0.33333333],
       [ 0.8       , -0.33333333],
       [ 0.8       , -0.33333333],
       [ 0.8       , -0.33333333],
       [ 0.8       , -0.33333333],
       [ 0.8       , -0.33333333],
       [ 0.8       , -0.33333333],
       [ 0.8       , -0.33333333],
       [ 0.8       , -0.33333333],
       [ 0.8       , -0.33333333],
       [ 0.8       , -0.33333333],
       [ 0.8       , -0.33333333],
       [ 0.8       , -0.33333333],
       [ 0.8       , -0.33333333],
       [ 0.8       , -0.33333333],
       [ 0.8       , -0.33333333],
       [ 0.8       , -0.33333333],
       [ 0.8       , -0.33333333],
       [ 0.8       , -0.33333333],
       [ 0.8       , -0.33333333],
       [ 0.8       , -0.33333333],
       [ 0.8       , -0.33333333],
       [ 0.8       , -0.33333333],
       [ 0.8       , -0.33333333],
       [ 0.8       , -0.33333333],
       [ 0.8       , -0.33333333]])}
Bt: 35575491.06480101
Gt_prob: 0.189
Bt2At: 0.8
mean_saving_p: 0.95
post_income: [[276988.19022784]
 [113526.15946291]
 [280139.47139522]
 [290545.29174964]
 [215560.42054219]
 [ 91741.91355148]
 [766649.00001983]
 [441740.62417984]
 [287051.58328735]
 [134133.79158935]
 [257996.804329  ]
 [154693.20662241]
 [127496.24447738]
 [860552.13389621]
 [250328.33478756]
 [188207.62163863]
 [125939.64174672]
 [336830.03908048]
 [475171.27947132]
 [203623.74988455]
 [141414.71398231]
 [229202.66332173]
 [204347.09345246]
 [378014.94703721]
 [194930.28876046]
 [430991.66451284]
 [298447.12504927]
 [824457.78140676]
 [ 99152.59895656]
 [187767.56120786]
 [200752.91885524]
 [154957.63079556]
 [133789.36056978]
 [534252.98029104]
 [397160.31689624]
 [233236.8049124 ]
 [ 77950.10407339]
 [659387.95424323]
 [225593.67869135]
 [322480.13509276]
 [404135.24332212]
 [119271.80532263]
 [391792.99202719]
 [289185.79062925]
 [216103.91571889]
 [587340.93734268]
 [210121.09381462]
 [101998.16215599]
 [269967.42874336]
 [386277.18535696]
 [152677.22642215]
 [131427.99455392]
 [119627.97193999]
 [112468.75453103]
 [398921.60814589]
 [289005.383344  ]
 [132229.50000862]
 [530450.0347047 ]
 [ 69167.70035722]
 [309063.96558892]
 [ 93149.19077784]
 [879414.30894171]
 [166361.17527895]
 [226841.08161733]
 [401419.991577  ]
 [265862.50696932]
 [370250.40009864]
 [194533.28400889]
 [157624.16985956]
 [113479.72139772]
 [197423.46402467]
 [216793.33699373]
 [ 94721.88791122]
 [245453.91609281]
 [127848.8932951 ]
 [202920.91412658]
 [ 85906.96650713]
 [362719.46515011]
 [139627.77302479]
 [296927.48587348]
 [278656.22447188]
 [ 63515.20738932]
 [217783.22515747]
 [ 81724.47982892]
 [241591.21657445]
 [394514.09037187]
 [815693.29480807]
 [728875.58839484]
 [122943.64006337]
 [397286.35007532]
 [449835.7084675 ]
 [612075.20941884]
 [933295.10355119]
 [353041.56177302]
 [244046.63511006]
 [707986.15755462]
 [141998.92045404]
 [646559.821505  ]
 [ 95429.15143998]
 [181487.47726264]]
consumption: [[ 167412.6240206 ]
 [  53645.30412143]
 [ 102830.53331594]
 [  72453.67115007]
 [  90628.54870904]
 [  80302.94466385]
 [1129207.94594386]
 [ 117886.9555805 ]
 [ 175489.29977235]
 [  66141.3334159 ]
 [ 120863.34633975]
 [  53871.40214706]
 [  57886.96049975]
 [1156132.70570215]
 [  88539.27865738]
 [  52668.39214799]
 [  53793.1669403 ]
 [ 145976.94602951]
 [ 136288.4614079 ]
 [  59259.31575437]
 [  53154.27393997]
 [  72606.02867913]
 [  69890.63203103]
 [  89647.77520113]
 [ 127764.57885521]
 [ 305400.44450502]
 [  61045.63196225]
 [1164732.80520528]
 [  55553.95874151]
 [  74673.64775754]
 [  48324.13758199]
 [  91751.57919528]
 [  43367.08548126]
 [ 149272.84481493]
 [ 118915.1505987 ]
 [ 112386.6563446 ]
 [  33173.6042577 ]
 [ 143020.64402193]
 [ 182358.65208696]
 [  81892.45618984]
 [ 131384.90910391]
 [  59212.47203973]
 [ 104042.71899112]
 [  79212.72690896]
 [  90902.71244428]
 [ 835223.20364717]
 [ 157132.9894277 ]
 [  44529.33938311]
 [ 419913.23111162]
 [ 140815.30552271]
 [  73971.23343385]
 [  65180.87795065]
 [  49534.57461042]
 [  45248.9236645 ]
 [ 461655.5685678 ]
 [ 167717.0314786 ]
 [  45668.60864494]
 [ 241950.43583429]
 [  41783.96625428]
 [  71801.60256631]
 [  38665.80785896]
 [1190194.15878442]
 [  78763.11737832]
 [  62428.51743249]
 [ 135717.35849744]
 [  79318.51358898]
 [ 447222.3166296 ]
 [  87326.82504513]
 [  84173.01518076]
 [  59245.14016364]
 [ 102583.95689516]
 [  85806.08703357]
 [  71335.60566597]
 [  78319.6689892 ]
 [  42445.19149875]
 [  62569.31804807]
 [  40385.54191037]
 [ 429050.51605999]
 [  59363.08755703]
 [ 108635.66995238]
 [ 262594.54285506]
 [  32817.12328471]
 [  99430.91351444]
 [  43498.75644065]
 [  95784.13230325]
 [ 323499.97142817]
 [ 885736.15806194]
 [1127543.59382191]
 [  84928.00917297]
 [ 240343.77699778]
 [ 131515.27094009]
 [ 473647.79956532]
 [1186361.29694237]
 [  92267.45454704]
 [  73785.71855614]
 [1120385.49613715]
 [  56840.36042466]
 [ 855984.30086489]
 [  72186.88154066]
 [  65012.13871106]]
tax_array: [[132277.70637684]
 [ 52526.60107897]
 [129483.43077194]
 [132145.39698866]
 [ 99982.18666341]
 [ 44711.50263632]
 [414940.01583692]
 [202726.65345915]
 [137285.74038921]
 [ 62398.50750473]
 [120798.8714366 ]
 [ 70661.89373966]
 [ 58941.29908323]
 [459231.83929005]
 [115287.32425432]
 [ 85394.79124851]
 [ 57990.61140085]
 [157578.17184538]
 [218931.18741542]
 [ 92650.8333842 ]
 [ 64760.79868732]
 [104865.01611103]
 [ 93662.43856322]
 [172333.22036823]
 [ 93252.37625859]
 [210093.13908303]
 [134926.42702818]
 [443429.58292254]
 [ 46347.13306975]
 [ 86630.36332276]
 [ 90667.93966242]
 [ 73240.77429104]
 [ 60766.56546327]
 [246339.83077257]
 [182807.85454276]
 [109242.19130231]
 [ 35621.77240714]
 [302346.01966088]
 [110396.72858719]
 [147004.1266517 ]
 [186743.03375114]
 [ 55411.92860177]
 [179437.27276463]
 [131978.83769596]
 [100241.09022762]
 [314836.33573846]
 [101892.74611192]
 [ 46877.34712767]
 [145564.16581298]
 [179357.66259412]
 [ 71078.99929178]
 [ 61145.17673355]
 [ 54939.35759627]
 [ 51516.65040063]
 [205874.92752241]
 [137651.21759156]
 [ 60229.60463008]
 [250652.50876069]
 [ 32352.81605828]
 [140360.77729771]
 [ 42620.86290009]
 [470000.23730862]
 [ 77430.96473124]
 [103155.00803547]
 [185808.15487245]
 [121598.34230054]
 [192100.97487873]
 [ 90448.10963545]
 [ 73924.87413176]
 [ 52870.2032919 ]
 [ 92719.86351592]
 [100215.63619292]
 [ 45432.7337308 ]
 [112456.06138113]
 [ 58092.69719813]
 [ 92554.52000343]
 [ 39565.36469192]
 [187550.86573601]
 [ 64377.16789523]
 [137342.22372888]
 [139207.43118307]
 [ 29309.91979109]
 [101540.39059615]
 [ 37940.52064568]
 [111874.52494134]
 [194920.63245699]
 [421323.62146612]
 [397741.71238363]
 [ 58697.12534704]
 [190757.16821371]
 [207245.11360844]
 [302485.65097036]
 [494202.95205252]
 [161332.22395657]
 [111535.85644939]
 [387831.234395  ]
 [ 65257.79047   ]
 [342897.14845044]
 [ 45797.68036224]
 [ 83223.62397076]]
wealth_gini: 0.5775866891721361
income_gini: 0.3577789672789138
households_reward: [[7.6226189 ]
 [6.48455127]
 [7.13523966]
 [6.78510468]
 [7.00892661]
 [6.88796363]
 [9.53142907]
 [7.2718835 ]
 [7.66973541]
 [6.6939512 ]
 [7.29681787]
 [6.4887571 ]
 [6.56064949]
 [9.55499318]
 [6.98560362]
 [6.46617284]
 [6.48730379]
 [7.48560604]
 [7.41693102]
 [6.58408033]
 [6.47535585]
 [6.78720529]
 [6.74908896]
 [6.99804572]
 [7.35234668]
 [8.22378118]
 [6.61377899]
 [9.56240432]
 [6.51951211]
 [6.81528459]
 [6.38008852]
 [7.02124204]
 [6.27185809]
 [7.50793314]
 [7.28056755]
 [7.22410255]
 [6.00391184]
 [7.46514632]
 [7.7081327 ]
 [6.90756421]
 [7.38028859]
 [6.58328953]
 [7.14695891]
 [6.87429432]
 [7.01194718]
 [9.22985634]
 [7.55924985]
 [6.29830562]
 [8.54220543]
 [7.44960648]
 [6.80583362]
 [6.67932348]
 [6.40482824]
 [6.31433622]
 [8.63697643]
 [7.62443556]
 [6.3235685 ]
 [7.99089023]
 [6.23467002]
 [6.77606413]
 [6.15711303]
 [9.58402907]
 [6.86860217]
 [6.63617952]
 [7.41273181]
 [6.8756289 ]
 [8.60521316]
 [6.97181503]
 [6.93503172]
 [6.58384109]
 [7.13283889]
 [6.95424728]
 [6.76955292]
 [6.86295611]
 [6.25037097]
 [6.63843237]
 [6.20062918]
 [8.563732  ]
 [6.58582995]
 [7.19015714]
 [8.07276852]
 [5.99310777]
 [7.1016204 ]
 [6.27488969]
 [7.06425437]
 [8.28135636]
 [9.28857645]
 [9.52995407]
 [6.94396128]
 [7.98422764]
 [7.38128031]
 [8.66262134]
 [9.5808035 ]
 [7.02684881]
 [6.80332253]
 [9.52358543]
 [6.54240398]
 [9.25440937]
 [6.78141567]
 [6.67673134]]
government_reward: 0.026771354468896596
